0.820000
1.413300
1.890000
1.300000
0.400000
2.100000
2.061950
4.300000
1.089290
0.015870
3.701300
0.892470
1.083000
8.821429
1.024390
2.141510
0.968750
0.926470
2.000000
2.790000
0.632300
5.486000
3.144000
1.685000
0.960000
1.541700
1.200000
0.912800
0.500000
1.773100
2.535100
2.380000
0.606900
0.780700
0.592860
0.710530
2.930690
0.438356
2.450000
0.995000
0.828000
9.500000
10.591000
7.462000
0.405000
0.960000
1.500000
0.740000
1.237290
1.605710
13.500000
1.812500
2.872340
1.836879
1.476470
0.977941
2.949150
0.490000
3.116300
3.000000
3.900000
0.166670
0.800000
4.530000
1.273300
1.670000
0.869570
0.659091
1.138728
1.407700
0.530000
0.253500
2.148000
2.114286
1.121795
1.875000
0.108108
4.916667
0.748000
0.489362
4.321429
1.800000
1.355930
0.000000
0.047620
1.900000
1.561220
2.612500
0.600000
0.005520
0.908160
8.857143
0.525000
0.323310
0.352941
0.965120
1.185200
0.300000
0.860900
4.200000
0.200000
1.200000
1.960000
0.514300
1.300000
1.480000
4.774200
1.290000
5.192310
3.500000
0.444440
2.610000
4.419400
1.540000
1.744680
1.415301
16.933330
0.476190
2.000000
4.318182
4.838710
1.062937
4.870370
3.720590
0.938272
0.728480
10.500000
7.250000
0.900000
0.600000
1.439390
2.400000
1.149480
2.031750
5.666670
1.329340
5.425926
0.552632
0.251750
1.400000
5.343750
2.120000
1.044100
0.020000
0.185000
0.561538
0.108108
12.157900
0.710000
1.388500
1.450000
0.856354
0.100000
13.894740
4.672414
2.432100
0.528000
0.265000
0.585000
2.561400
3.133333
2.555560
1.233640
4.965517
0.920455
1.390000
0.500000
2.974359
0.204200
1.660000
5.509800
0.080000
1.246914
3.900000
10.739100
0.580000
0.112900
4.625000
0.289660
4.269230
2.200000
1.509430
0.500000
1.370000
2.130435
0.500000
0.936000
1.493000
3.419000
25.180000
1.063830
0.600000
11.833000
0.339000
5.075000
2.657140
3.194030
2.318680
1.630000
0.269430
1.800000
10.292000
1.138158
5.035714
0.250000
15.500000
1.740000
0.300000
1.000000
1.500000
3.465100
1.230000
0.133300
1.200000
1.469140
0.000000
0.467740
3.636360
2.570090
1.089010
0.700000
0.210084
4.560000
4.898000
1.490000
1.950000
2.967400
0.480000
0.084210
0.388889
1.901640
1.640000
1.135294
2.100000
0.843200
1.840000
0.908200
3.380000
14.050000
2.230000
1.092020
0.113475
1.006211
1.203000
0.423000
6.000000
16.176470
1.840278
2.228571
0.700000
0.500000
0.400000
1.054880
0.433333
0.773256
2.910000
1.202000
0.910000
4.868420
1.000000
0.387320
1.434800
1.330000
3.141300
2.284210
1.102560
3.571430
1.172620
1.587302
1.495798
3.096150
1.641030
2.307690
0.210000
2.753600
3.770000
1.700000
2.577460
2.100000
1.591000
0.009000
14.550000
0.566040
1.000000
1.363640
1.432000
11.000000
10.937500
2.200000
2.629630
0.300000
2.000000
7.606061
0.333333
3.087000
6.895000
12.263000
1.967000
4.350000
1.573099
1.344090
1.200000
0.051430
2.032000
4.307692
0.839695
0.646020
2.300000
2.977780
7.920000
1.185900
0.410000
3.072000
0.153846
4.166667
1.029850
1.200000
1.479590
0.359000
1.177515
0.857143
2.724000
3.790000
1.558000
0.900000
5.157890
0.900000
1.326000
1.827586
1.527174
0.201490
0.526012
1.606840
0.131800
2.600000
2.526300
0.560000
0.587700
1.540000
22.769200
0.400000
0.797100
1.874020
1.189655
6.258060
1.100000
5.326087
1.892308
0.012580
1.700000
0.531650
1.872300
3.970000
1.762600
1.344090
1.200000
0.051430
0.480000
5.925926
0.000000
1.386210
1.457447
2.487800
0.356000
0.045113
5.068966
1.068380
5.261905
16.692308
1.114040
2.662791
1.571429
3.260000
1.590909
0.600000
0.135000
0.780000
0.021000
1.457000
1.469388
0.239583
1.357800
0.600000
6.950000
1.083770
2.974360
5.860000
0.421050
1.900000
2.825580
1.464600
0.300000
0.367000
0.385870
1.313610
2.550720
2.338580
0.500000
1.419640
17.000000
3.565217
0.500000
1.552490
2.448980
2.446430
0.669290
1.564103
1.813730
3.730160
0.200000
4.079370
0.704000
3.092000
0.070000
1.750000
1.400000
0.141100
2.343140
1.178862
0.646552
1.391890
1.705882
2.346150
0.830000
1.201613
5.500000
0.916000
1.076923
2.310924
6.452380
1.244444
2.347368
1.610060
2.091950
4.979170
0.923910
8.473684
0.489130
3.030300
1.208333
1.593750
1.100000
1.308410
0.500000
1.200000
9.909090
0.100000
1.100000
1.880430
3.100000
2.276600
2.469880
0.307690
1.756000
0.068966
0.688889
1.727270
0.400000
16.300000
4.653800
2.000000
3.933300
1.700000
4.642860
2.400000
1.030000
0.065500
2.600000
1.397160
3.177778
3.131579
0.238100
2.400000
0.018990
3.101000
15.579000
1.504000
5.962960
0.287879
0.127820
3.221000
0.119171
2.407080
0.050000
0.968400
17.350000
0.140000
2.169200
2.370000
0.550000
0.957800
2.110000
3.413330
2.200000
1.315790
1.050000
11.533300
0.950000
0.971000
0.200000
1.149660
0.143000
0.429000
2.148000
2.666670
3.208333
7.054050
1.770000
0.459300
2.160000
2.370000
1.705200
0.870000
1.757810
1.512195
0.524390
1.470000
1.041667
0.800000
0.666670
0.721850
3.541670
0.253500
1.710000
0.515200
3.189190
0.845238
0.958621
8.600000
3.142857
4.510204
1.190000
19.466700
1.890000
0.800000
0.068180
2.200000
0.900000
0.854010
0.500000
6.500000
1.579700
0.750000
0.760000
3.881000
1.180000
1.179000
3.486000
0.854000
4.120000
1.183432
1.400000
3.409090
0.812500
0.407190
2.320000
1.933333
0.700000
0.630000
0.642384
0.085714
0.711000
1.032468
1.405882
0.186810
2.451610
1.241830
3.676920
2.333330
1.962960
1.300000
3.235294
1.700000
0.609520
1.683100
1.427590
1.645570
1.420290
2.000000
1.089000
2.400000
0.497354
2.460000
1.898100
1.100000
0.308000
2.264151
0.549020
1.274100
1.040000
4.561000
11.273000
1.208054
3.980769
0.486630
9.333333
2.578950
1.726300
0.830000
0.792700
0.630000
0.642384
0.085714
0.898310
1.300000
0.654820
0.250000
0.587700
0.740000
2.081600
2.350000
1.700000
0.891300
3.463770
5.111110
1.610000
1.084507
2.000000
1.849670
0.931507
1.570180
4.651000
1.752000
1.565574
1.072000
2.065000
19.167000
0.729560
0.406250
3.709677
1.200000
2.985510
18.600000
1.700000
1.015630
1.300000
1.770000
1.615800
0.970000
1.713380
9.300000
1.218490
17.700000
0.767120
0.500000
8.500000
0.364000
1.218000
0.411210
1.301370
2.500000
3.117020
1.452261
1.100000
2.387000
1.750000
0.574074
0.370000
1.380952
4.600000
4.000000
2.750000
1.033330
1.748250
1.983740
0.857140
0.166700
1.800000
2.300000
1.520000
0.550000
2.529400
0.954550
1.900000
0.032090
3.110000
0.273973
0.000000
0.380000
1.350319
0.300000
3.270000
0.251497
1.300000
0.668370
0.900000
0.886900
0.897000
0.523000
2.036000
1.750000
0.822581
1.500000
0.260000
0.684800
5.210000
0.318470
0.474359
1.726316
0.600000
3.484800
9.000000
1.680000
1.210500
0.880000
0.365000
1.022346
2.381818
1.485210
1.500000
0.630430
1.600000
2.175000
1.000000
0.310000
0.431953
2.800000
2.957000
1.333333
1.596154
0.625000
2.900000
2.969230
0.806670
2.431580
0.375660
2.840000
2.640449
1.800000
0.437500
3.131870
0.084850
23.833330
0.400000
1.943400
0.629000
0.461929
0.269841
11.640000
0.819500
1.090000
2.010530
4.222222
1.010050
1.743900
2.796296
1.500000
1.064520
0.710843
13.050000
0.585000
1.106000
0.058000
1.244680
1.560440
2.788732
0.346000
1.667000
1.639000
1.300000
1.356780
0.800000
5.400000
15.294120
0.200000
1.410000
1.424700
3.230000
1.745000
2.125000
1.744828
1.963000
5.795000
1.609000
0.901960
2.060000
0.497110
3.130430
1.910714
0.154412
2.277780
1.588889
0.365269
1.120000
0.145000
6.500000
4.149000
6.900000
1.458000
11.300000
0.276923
0.900000
0.777780
1.965520
1.208090
3.548400
2.890000
1.459900
3.469140
1.542550
1.096390
1.907000
0.596000
0.531000
3.000000
1.326920
0.800000
1.290000
0.707600
0.060000
1.047000
0.937000
0.398000
0.084510
8.866670
1.224490
1.200000
4.125000
1.700000
2.678570
19.000000
1.157020
2.175000
1.074000
1.304000
3.889000
0.347000
1.623000
1.542550
1.461538
0.345320
1.612680
0.100000
0.320750
0.346460
3.524390
4.564100
1.365850
0.300000
0.186050
0.466670
0.500000
2.292680
1.810000
0.327586
1.100000
4.722220
7.259260
1.933330
1.581400
1.440000
4.642900
0.045450
0.196532
2.465350
4.069770
0.500000
11.160000
1.000000
3.376812
0.700000
1.700000
0.724830
16.500000
0.844000
3.105000
1.795000
2.720000
1.244898
0.100000
2.893000
1.475248
0.625000
0.820000
1.992537
0.700000
2.640000
5.510638
1.200000
1.666670
0.600000
0.477160
10.000000
0.100000
2.022730
1.616700
3.310000
2.056800
0.656440
2.100000
4.166670
6.777780
0.106250
2.852460
0.207140
5.392157
0.385960
2.340000
2.135135
12.500000
0.630000
0.642384
0.085714
1.600000
1.962960
5.700000
0.400000
13.764710
3.100000
0.796300
2.783333
1.255814
2.470000
0.580645
11.700000
0.467210
0.700000
3.391300
4.689000
1.156522
0.781818
0.224490
5.000000
0.405880
1.318000
0.173000
0.983000
0.156300
0.960000
0.112200
3.380000
0.594600
1.350000
0.146600
3.723680
1.628570
1.619000
0.935000
0.390000
1.434780
3.136364
0.092390
6.104000
1.623000
1.408000
2.121620
0.300000
0.329730
0.581920
5.085106
7.285710
0.605100
4.020000
3.973000
1.921350
1.700000
1.625000
1.760000
0.137500
0.500000
1.430000
2.081500
1.160000
1.630000
6.533333
1.300000
0.345000
0.539000
1.358000
1.716980
1.400000
0.395350
2.290000
0.844156
1.400000
1.681820
1.712121
3.571430
0.528000
6.500000
1.165775
0.520000
3.175000
2.190000
1.632000
1.913000
3.117000
1.530000
1.851100
3.840000
0.394000
1.988000
1.545000
0.140000
0.491228
1.700000
3.469000
0.502703
0.221053
1.843970
0.678161
1.080000
0.020000
1.098800
2.200000
1.371130
0.480769
0.467010
0.542480
0.386080
0.076190
5.400000
1.890000
2.472200
1.590000
2.103100
0.090000
10.680000
1.330000
1.030100
0.913000
2.100000
0.034000
8.421050
2.297030
1.964290
1.068970
1.176829
4.840909
0.450600
2.260000
0.625000
1.470590
1.727273
1.735484
1.490000
1.342857
0.400000
1.178000
1.074534
1.653846
0.890000
1.895349
1.300000
3.314290
0.400000
0.150680
0.630000
0.534884
0.100000
1.070000
0.440367
1.300000
1.202700
3.130000
3.787200
2.180000
1.685700
0.980000
1.110000
1.277778
0.400000
0.201000
2.200000
3.446429
0.920000
2.627500
0.820000
1.303920
0.900000
5.017240
3.465750
1.626437
0.757732
1.020000
1.796748
1.000000
0.400000
3.500000
4.200000
5.770000
2.337209
1.700000
4.982460
0.600000
0.887640
3.446810
1.473280
0.150380
1.420000
23.250000
1.720000
0.927840
2.810345
3.566670
1.260000
3.333333
0.800000
0.417000
0.086420
4.750000
1.087800
3.270000
0.843800
0.390000
6.250000
0.930000
1.289860
0.903704
3.239440
0.319150
0.475410
0.423729
0.767440
0.672619
4.412700
0.674420
0.300000
0.770410
4.300000
1.435370
2.900000
2.094740
4.020408
1.426230
0.854000
0.439000
2.500000
2.294120
1.020000
6.500000
3.500000
1.030530
0.200000
0.851000
0.817000
1.625000
1.420000
2.488900
1.000000
1.250000
0.975000
3.860000
0.478260
1.220430
0.844310
1.400000
0.320990
1.500000
8.710000
0.753846
0.900000
4.351000
1.180000
2.170000
4.380000
0.125000
0.400000
2.720930
12.315789
0.421350
7.000000
1.345794
0.932836
0.263000
0.400000
1.166667
1.730500
1.763636
1.111840
1.011000
2.971000
1.315000
0.085890
0.907895
0.486030
1.450000
8.708300
0.490000
0.360000
18.384615
1.100000
0.885250
0.900000
0.748390
2.780000
0.111900
4.060000
0.377000
0.352941
1.586207
1.836600
2.156630
1.333330
0.588000
0.285000
2.800000
1.700000
0.927270
1.400000
1.149480
2.031750
5.666670
1.580000
2.052600
0.310000
1.400000
1.529030
1.500000
1.389830
0.143590
1.462370
3.500000
0.230770
4.900000
0.514930
0.400000
1.814810
2.650000
0.711900
1.740000
0.585230
1.128834
7.678570
0.121210
0.500000
1.329900
1.326200
2.913043
1.075000
1.310000
1.837037
1.100000
2.045050
2.939394
1.542857
6.865000
2.142000
1.802000
2.885250
1.648150
1.909090
7.600000
2.810000
5.651200
0.582800
1.050000
0.090900
0.562090
1.073446
2.463768
0.882000
13.611111
0.395722
1.962000
1.706000
0.714000
2.215500
1.050000
0.345200
0.160000
0.540146
1.800000
2.670000
0.311828
14.700000
0.701090
0.816220
1.290910
4.901640
3.700000
1.302160
1.500000
8.941180
10.200000
0.810980
0.397351
4.947370
1.513510
0.641177
5.466667
0.750000
9.100000
0.018900
0.540000
0.831900
2.050000
0.415400
1.460000
0.488000
0.380000
2.203000
1.109000
1.600000
2.646340
2.300000
2.052200
2.300000
1.331100
0.100000
1.269430
1.100000
8.153850
0.000000
0.827160
1.185430
1.113210
0.608110
3.830000
4.095200
0.360000
0.569000
1.640000
2.163900
2.500000
0.430108
1.653179
0.467340
0.718750
4.528302
0.940000
3.877193
2.000000
0.170000
5.147100
0.300000
1.402000
1.284314
6.500000
5.000000
0.957220
4.200000
12.000000
3.476190
0.900000
0.987000
0.403000
1.297000
1.071000
5.944444
1.358209
17.600000
0.313730
0.293330
14.133300
0.510000
0.092400
1.750000
1.700000
4.134620
1.960000
2.098361
0.100000
0.180000
5.210500
1.170000
1.232000
2.678161
1.664516
1.166670
0.153846
0.396648
2.130000
2.285714
1.100000
0.569000
1.382353
2.492308
4.300000
1.289000
2.232000
0.750000
0.397790
0.438889
1.690000
0.777100
1.500000
0.350000
2.100000
2.894740
1.422460
0.200000
3.808820
1.076000
1.465000
3.824000
1.792210
0.800000
1.252530
1.000000
3.237500
2.104000
0.108910
1.202450
4.028170
0.792000
1.874000
1.829000
3.287500
5.521740
0.778630
5.700000
2.791700
1.020000
0.460000
1.660194
2.043478
1.300000
1.313330
0.200000
7.583000
1.957000
1.315000
3.390000
2.083333
1.100000
3.977000
10.464286
1.586207
12.869570
0.491713
10.357140
1.440000
0.633803
2.700000
0.677000
0.682927
0.189189
10.480000
4.912300
1.290000
0.930000
1.605800
9.690000
1.158600
1.070000
1.010600
1.300000
0.836730
0.600000
0.113900
2.630000
4.600000
2.073170
1.600000
4.153850
4.576920
1.212121
3.468085
0.940790
0.700000
0.720930
1.136000
2.272000
1.365000
0.337400
2.450000
2.223500
3.383560
0.851560
10.607140
1.924000
1.636000
1.614000
3.000000
9.681818
1.466667
0.660000
1.741936
0.900000
2.877550
0.700000
3.409090
0.000000
2.505260
14.300000
3.488890
3.142857
6.285710
3.478000
8.531250
5.087719
1.732300
1.950000
8.029400
1.974000
0.678000
0.669000
1.059700
0.070000
0.758600
1.261900
4.230000
2.009100
4.489360
0.928000
2.000000
0.480000
1.000000
1.360000
1.149480
2.031750
5.666670
5.647060
0.400000
1.577540
0.640000
0.446600
0.480000
1.340000
0.056000
0.200000
0.654410
4.555560
0.530860
0.351850
0.400000
1.346940
0.077900
1.950000
1.024800
0.600000
18.900000
7.500000
0.900000
5.096150
5.000000
0.241380
2.404762
1.173913
4.600000
1.054054
0.300000
2.266670
4.900000
1.011110
0.288890
1.083333
8.000000
0.196430
2.200000
1.036140
0.800000
0.042330
2.200000
0.820000
0.386900
0.370000
7.470590
9.136364
1.343066
1.380000
1.198000
1.923000
8.697000
0.955000
4.258000
0.309000
1.164000
1.832000
1.600000
0.681820
1.800000
2.030000
1.460993
1.455497
0.687500
5.163640
0.807690
2.190500
11.750000
1.212100
0.390910
1.000000
1.714290
12.300000
4.538460
2.300000
1.579000
2.483000
2.128000
1.927010
2.638554
4.720000
0.160380
0.743590
1.317920
2.368420
0.810340
1.272730
2.200000
0.194740
0.200000
3.944000
0.176000
1.190000
0.600000
2.283460
1.100000
2.300000
0.314690
17.400000
9.666670
2.083333
0.329114
0.162500
1.310000
1.981500
1.166670
0.047368
1.777778
0.775860
0.750000
3.573170
0.913000
1.785714
1.181818
1.217390
3.272727
7.966670
1.571000
0.534000
4.071000
1.424200
1.840000
7.000000
0.757760
9.100000
1.557690
0.494000
3.355000
1.125000
0.201300
4.880000
4.545500
4.217000
0.608000
0.500000
1.800000
1.836539
2.600000
7.600000
3.620000
0.089000
0.422000
1.894000
1.908000
1.960000
3.470588
0.100000
0.970000
2.500000
0.600000
4.041000
0.925926
1.892857
0.879430
1.641510
0.610530
0.961540
2.268293
1.331660
1.667000
0.748663
4.627907
1.170000
1.086600
2.350000
1.083330
2.301587
3.903230
3.650000
2.700000
0.250000
1.282760
0.354500
1.260120
0.590000
1.202500
1.910000
0.187000
4.890909
1.506329
0.700000
0.773480
9.500000
3.400000
4.040000
1.290300
1.283900
0.920000
4.983100
0.791900
0.620000
0.746800
11.700000
23.750000
2.200000
2.046510
0.847368
1.597630
0.860000
1.530864
1.200000
0.030000
1.196970
3.100000
2.671230
3.964290
0.694120
1.850750
0.690910
0.971010
0.774730
2.200000
4.039220
0.366340
1.900000
0.453550
0.027520
0.403850
1.000000
0.680200
1.500000
0.482350
1.275900
0.320000
8.037000
5.313730
1.754717
3.500000
1.610000
0.139500
2.220000
5.500000
3.000000
10.478300
3.360000
0.976190
2.500000
2.589000
3.647000
1.737000
2.791700
0.190000
3.578900
0.087250
0.894444
0.084210
1.883720
0.707965
2.226804
7.114290
0.859500
0.700000
2.390900
1.380000
1.355300
2.000000
0.563490
0.500000
0.518070
3.258065
0.125000
2.160000
0.400000
0.810810
1.258060
0.619835
0.139785
0.414200
2.795920
2.451610
0.814070
7.100000
1.732390
0.270000
0.874300
2.330000
0.538100
1.750000
0.323700
0.300000
0.964290
0.600000
1.865550
0.300000
2.520000
1.705880
1.500000
2.388060
0.034090
1.391667
2.935484
0.588240
0.166667
0.005260
0.092600
2.280000
0.321800
0.814070
7.100000
1.732390
1.350000
1.373800
0.830000
1.796300
1.100000
1.091500
1.470000
0.076142
1.200000
2.400000
1.593980
0.500000
1.263160
0.511810
1.079710
0.800000
1.294120
2.400000
1.452830
0.200000
0.595090
1.607950
9.722222
0.894740
1.331250
3.373333
2.629630
1.730000
4.384615
0.200000
0.352940
2.200000
1.428570
0.470000
0.556818
2.400000
2.194810
0.059829
1.685714
2.415730
0.273680
1.165350
0.700000
18.000000
3.800000
4.600000
6.075000
1.800000
7.025000
2.308943
0.614035
0.585400
3.460000
5.896600
1.500000
0.178860
0.100000
1.604000
1.598000
0.680000
0.934210
5.214286
0.209680
1.254000
2.972000
1.128000
0.029000
0.890000
1.195100
14.421050
1.100000
9.166670
0.855560
10.375000
0.443750
0.829790
2.000000
2.088890
9.368420
0.400000
0.070180
0.556820
5.069767
0.149701
0.188030
2.100000
0.369370
1.870000
1.839744
1.000000
7.764710
0.970240
1.366860
1.913330
6.276596
5.200000
2.133330
0.600000
0.603450
1.128870
1.411760
1.071430
2.052600
1.450000
0.946200
7.930000
5.875000
0.840000
7.538460
0.306667
1.956522
1.447760
0.500000
0.148940
1.183400
1.100000
7.071400
1.475410
0.661458
0.762710
0.581820
0.328767
0.243590
1.791000
2.032609
1.175532
0.200000
0.926830
0.300000
3.520000
3.602600
0.460000
0.340000
18.800000
15.800000
0.286000
1.558000
6.219000
0.816330
0.000000
1.661970
1.700000
0.417220
0.100000
1.074000
1.412214
1.162791
0.100000
2.557690
4.700000
1.000000
1.005000
3.097000
9.600000
1.449440
1.400000
1.333330
0.800000
1.070650
0.523320
1.126866
1.821710
0.879580
10.653846
3.902439
1.486000
0.524000
0.219000
1.500000
0.362100
0.390000
0.250000
3.964912
1.319444
2.500000
1.019230
5.300000
1.528930
0.340430
0.691890
1.560000
1.651376
2.617021
1.119660
5.400000
1.420635
1.045900
2.600000
1.297300
6.352900
6.550000
0.474500
0.342000
2.875000
2.730769
0.147060
0.062500
3.068970
0.853000
15.058824
9.000000
0.861110
1.000000
6.937500
3.450000
0.046875
18.700000
1.020000
1.075200
4.480000
1.297300
6.910000
6.935500
0.134330
4.100000
0.064940
1.010500
0.230000
0.590900
1.380000
3.692300
2.460000
0.470000
9.444400
3.420000
2.617000
1.973913
0.185714
2.250000
0.541237
0.523260
1.544870
0.809210
0.445780
0.656570
6.200000
0.449440
2.122000
6.259000
1.394000
0.200000
0.444440
2.500000
0.357000
3.555556
1.044199
2.000000
0.265060
3.636360
0.700000
3.314290
1.000000
1.478530
0.500000
1.149120
1.349730
1.931034
1.846150
1.385000
1.468254
1.038889
1.100000
5.254550
1.800000
1.015700
1.170000
1.074100
1.322030
0.366280
1.352200
1.271600
1.125786
7.826087
0.918000
1.600000
1.625000
2.210530
3.878378
2.160377
2.415000
9.791667
2.044643
2.530000
2.428571
8.500000
1.307690
0.100000
0.122140
1.993300
5.550000
0.555600
2.673470
3.222222
0.741670
0.758000
0.992806
0.565891
0.814070
7.100000
1.732390
1.644070
0.477273
1.239583
1.750000
3.147727
1.398844
0.571000
1.333333
1.873239
0.404040
1.858108
1.204545
1.200000
0.603020
14.800000
2.007580
1.800000
0.083330
0.661110
7.090909
1.977612
4.722220
1.500000
0.708330
0.087600
2.200000
0.329300
0.370000
3.061224
1.860000
2.702380
7.709677
1.478723
9.730770
3.555556
1.253890
0.389610
0.456790
2.255320
1.225000
3.098592
2.660000
8.870000
0.653800
1.480000
0.584000
0.099000
1.204000
1.028000
7.666667
3.371795
0.353000
3.403000
1.628000
4.076920
2.200000
3.381820
7.890000
1.486957
2.400000
5.723400
0.989899
3.278689
3.700000
5.340910
11.600000
4.732140
8.678570
0.204080
1.900000
0.254720
1.300000
2.896910
1.293814
0.235669
0.500000
0.569110
0.100000
3.583000
5.388000
0.382000
1.816460
0.209302
0.011111
0.731540
1.589474
2.255319
3.400000
1.731300
14.050000
2.640800
2.920000
0.293800
0.465240
0.000000
3.967740
1.190000
0.797872
0.400000
3.910000
1.767442
0.200000
1.950000
14.705882
9.900000
0.430000
13.230800
4.040000
1.248230
0.878049
0.901408
1.271280
3.600000
4.333330
5.040000
2.344800
1.710000
5.800000
3.246150
0.700000
1.030000
0.266700
8.480000
1.900000
0.653850
0.400000
0.477000
1.107000
0.675000
0.870000
0.705882
0.672566
0.200000
1.500000
0.700000
5.330000
0.240000
2.570000
0.418600
1.100000
3.025000
2.000000
2.559320
2.000000
2.929290
0.517240
0.375000
0.335660
0.400000
0.169230
0.367350
3.741935
0.186916
1.216000
2.756757
1.388889
0.712000
0.093000
6.111000
1.541670
0.493333
0.640450
3.209300
0.700000
0.647620
1.799000
0.936000
1.508000
1.300000
1.087719
1.432099
0.109000
0.265000
4.948000
1.780000
1.748148
0.200000
1.568000
0.980892
0.452632
1.520000
0.788500
10.360000
0.965520
4.189189
0.484848
3.820000
0.324176
0.800000
5.947370
1.400000
1.264370
1.914000
4.862069
1.062893
2.470000
8.692300
5.310000
0.490000
5.724138
3.500000
3.120000
1.351000
0.640000
3.267000
0.310000
18.600000
1.260870
0.100000
3.104170
7.600000
13.238100
2.600000
0.032890
0.964072
3.104167
3.039000
0.848000
1.125000
1.090000
5.714300
2.270000
0.100000
1.298700
0.000000
0.552000
1.196000
2.121000
2.250000
1.346200
11.920000
0.430000
0.827000
2.670000
8.250000
1.718310
1.815600
0.145950
1.800000
2.587500
1.575000
0.037000
2.159000
0.519000
1.878000
0.770000
1.560000
4.019200
1.160000
0.738890
2.894120
0.974090
0.631000
21.071429
1.505747
2.500000
0.854840
1.500000
1.104000
1.617647
0.813660
3.044120
0.582677
4.345450
0.040000
0.810811
1.400000
0.887570
0.695650
7.375000
1.500000
5.459460
0.400000
0.741000
3.354430
0.744318
0.115000
1.369231
0.061225
1.110000
0.994700
0.960000
2.960000
1.200000
6.100000
1.387000
2.928571
2.000000
1.947370
1.900000
0.116020
1.580650
2.883720
1.392410
0.213020
1.485714
1.012658
15.500000
1.218930
0.700000
0.160000
3.512195
1.560976
1.054050
1.714290
4.541670
15.500000
1.218930
0.700000
1.330000
2.000000
1.100000
1.740000
0.193277
1.695122
1.187500
1.044776
0.333333
0.493330
3.800000
3.711540
0.712640
0.300000
0.050850
1.477120
2.222222
1.451613
1.528000
1.710843
1.932432
2.400000
0.565220
2.200000
2.280700
1.100000
0.071790
2.409090
2.300000
1.180330
0.383000
8.000000
0.857143
1.963000
0.976000
1.528000
1.186670
3.226670
0.766670
2.739000
0.577000
2.570000
2.476190
0.100000
2.025000
0.206000
1.317000
1.237000
0.950000
2.000000
0.515625
5.042550
4.818180
18.727270
0.808820
1.412060
0.547445
1.088500
0.400000
0.666670
0.892300
6.000000
0.635900
4.164000
4.292000
3.961000
0.714290
3.846154
1.556391
0.025500
0.080000
1.708900
0.535210
2.700000
1.187880
0.130000
0.583300
0.660000
6.191490
0.300000
1.330360
5.604650
1.742690
1.369860
1.300000
1.063160
0.300000
3.955880
1.126582
3.585710
5.588200
1.490000
2.267200
5.190000
0.264700
3.620000
2.666670
1.467005
2.831325
0.385000
1.015228
0.319797
8.913040
0.386364
9.150000
1.130000
2.583300
5.550000
2.600000
3.910710
0.600000
0.324600
3.240000
0.626700
2.196080
1.164380
9.357140
0.048190
4.157143
1.923077
3.250000
3.230769
2.730159
1.818180
1.735714
0.028090
3.561640
3.400000
1.459460
2.460320
0.393440
1.604030
0.596770
1.770830
1.085270
1.746270
2.269660
0.306120
1.091550
0.646409
1.005920
0.170000
0.824427
5.800000
3.610170
1.248521
0.882653
0.300000
0.625000
2.900000
0.943000
0.860000
0.093750
0.612240
2.647059
3.289470
1.303030
2.583333
1.917647
7.100000
0.720590
14.600000
1.926830
1.293578
0.219512
1.400000
4.732140
7.605260
1.200000
0.436360
1.000000
4.300000
2.155170
3.800000
0.471430
2.361110
2.904110
0.075470
0.900000
0.362960
0.111000
0.006000
1.404000
1.960000
4.089286
1.900000
4.615380
1.434343
1.703300
3.600000
1.123970
0.200000
0.500000
21.000000
1.100000
16.933330
1.300000
22.461538
1.761900
6.780000
0.529400
0.500000
0.425000
0.023000
0.567800
0.200000
8.968750
6.130430
12.611110
2.338980
0.537000
5.408163
5.511628
1.418000
4.661000
0.227000
3.300000
0.088890
0.200000
1.930000
0.892300
3.700000
0.549000
0.980583
8.483871
2.272730
1.098765
0.634831
1.040000
0.766667
1.200000
0.510000
4.200000
0.350000
0.595420
1.100000
2.353980
3.790000
7.133300
2.130000
1.214290
3.786667
1.107143
6.588000
1.090000
0.890000
1.100000
1.176470
4.700000
11.833000
2.319588
1.567797
0.166670
0.028170
2.431370
2.415090
3.333333
1.303797
1.386000
2.506000
2.784000
11.385000
1.858974
1.609195
2.878000
3.238636
0.981308
0.453490
1.776120
1.558820
1.214000
1.142857
0.864407
1.953020
5.958333
0.198630
3.755100
9.100000
1.350570
1.667000
2.441000
0.737000
1.622220
1.699250
0.769230
3.210530
1.348390
6.170730
15.500000
1.218930
0.700000
0.660000
0.053435
3.200000
0.200000
1.460000
0.600000
4.977000
3.968254
1.364407
1.342900
2.190000
1.271200
0.270000
1.654762
1.200000
0.711000
0.811000
1.000000
1.143710
2.302632
1.537037
7.272730
1.421769
3.190480
2.400000
1.718180
0.600000
0.286710
1.434210
3.704230
2.117650
0.907220
0.769700
2.860000
0.134615
0.585227
2.890000
0.413000
0.766000
1.500000
1.753250
0.300000
1.402170
0.466667
0.299360
0.660000
0.460733
0.105263
1.177080
1.600000
4.086960
2.870000
1.932331
1.500000
0.450000
2.745283
0.606383
3.096770
0.762431
0.839380
3.060000
3.459459
0.300000
1.784480
1.686567
1.701613
7.035710
1.942860
5.925000
1.716420
1.096150
3.268660
3.484800
4.670000
1.964700
14.785710
0.491979
5.039220
0.080000
4.739130
2.900000
1.550000
4.750000
1.800000
9.200000
1.584270
2.000000
0.587000
10.160000
1.479200
1.000000
0.534480
0.400000
0.608000
1.360000
2.598039
1.036140
0.614379
1.200000
0.621950
2.186920
3.763160
1.172000
2.460526
2.863014
2.720000
0.892600
0.040000
0.388160
0.918699
0.264290
0.870000
1.963303
1.500000
0.502560
2.900000
1.054050
0.353740
1.266667
0.456790
1.500000
1.114580
1.800000
2.008000
0.289308
1.059702
0.982000
1.710000
1.333300
0.600000
0.214690
2.000000
0.303030
1.500000
0.052632
0.623000
2.602000
0.188000
1.380950
2.300000
3.236840
14.444000
1.322000
0.697000
0.500000
0.594870
4.600000
1.030000
2.825397
1.300000
2.800000
3.714290
0.700000
2.356000
1.779000
0.343000
26.600000
2.007143
9.562500
1.940700
1.650000
0.195300
0.633000
0.341000
0.280000
2.510000
4.058000
3.340000
2.490000
2.454500
2.630000
1.450000
3.218750
1.500000
6.500000
1.703704
2.500000
2.051090
16.000000
1.111110
2.400000
0.596390
2.100000
0.347830
2.000000
3.328570
1.070000
7.205900
0.770000
6.536590
1.100000
0.048390
9.761900
13.687500
0.969388
0.631210
1.683674
0.610294
0.937000
2.811881
1.187920
15.933300
1.660000
1.013500
9.611110
1.393440
1.164290
2.322000
0.041000
0.679000
3.879000
4.220000
0.719298
1.980400
6.970000
1.760600
1.400000
7.685700
0.410000
0.150000
2.930000
2.150000
1.317070
1.550460
2.277780
2.425740
1.175439
2.105880
0.680200
2.676060
1.418600
3.324000
0.922000
1.054000
1.426230
1.651007
0.731710
0.317310
0.211765
0.484076
2.170000
1.881720
3.300000
1.100000
1.320000
3.100000
2.939000
2.904762
1.838983
1.378000
0.392265
2.885714
1.880000
3.217900
2.040000
3.818180
0.177419
0.066667
1.866700
0.940000
0.708800
3.340000
0.055556
16.300000
2.976740
1.310340
1.362750
3.150000
2.651163
1.800000
0.200000
2.322030
4.500000
1.265000
1.211000
1.579000
0.438000
1.310734
0.374359
6.263000
1.049724
0.333333
0.167830
2.164840
1.315480
7.521740
0.467391
0.929130
1.625000
1.764706
0.569950
7.766670
0.714286
0.407035
1.750000
1.616400
4.470000
1.402170
0.466667
0.299360
1.236840
5.375000
1.048780
11.056000
2.377000
16.133000
3.960000
3.925900
1.910000
2.802600
6.120000
1.805300
0.950000
2.160000
1.600000
0.436710
0.400000
1.971430
1.222220
0.320261
1.688889
2.857140
2.500000
2.880950
10.826000
0.035000
1.340000
2.200000
0.478530
1.100000
8.000000
0.862070
2.900000
2.250000
2.156863
2.107143
2.122450
1.400000
20.928570
1.568000
0.612000
0.905000
1.325400
1.600000
2.076270
4.333330
0.404370
0.686670
9.070000
5.017900
18.000000
1.502760
0.367089
0.884211
0.300000
2.146342
0.900000
0.366300
3.030000
2.395200
1.515000
1.384000
0.653000
1.253000
1.510000
9.250000
1.980000
6.525000
10.300000
2.420000
1.785700
11.830000
0.239500
1.410000
1.153800
1.296000
5.641509
2.378788
1.400000
0.136360
2.200000
1.290120
1.590360
0.682350
7.275000
1.424000
7.692308
7.865000
0.995000
1.908000
0.071000
2.020000
2.130000
1.710530
1.246575
0.684615
1.662250
6.155556
2.459020
2.963000
1.083333
0.456140
0.800000
2.264150
8.800000
8.208000
7.900000
0.030000
0.325300
3.763636
0.250000
0.143000
6.216216
0.795454
5.714300
2.560000
4.687500
1.000000
6.268290
3.800000
3.125000
15.500000
7.538000
1.395210
0.969230
0.956520
1.088890
4.982759
2.715790
0.247520
1.162500
0.723530
0.788460
3.500000
2.416670
5.808000
0.359000
4.660000
0.780000
2.902800
0.600000
25.455000
4.900000
0.088000
16.500000
0.686600
2.120000
0.340000
1.392500
4.430000
0.487340
1.647059
2.009170
12.000000
0.511000
1.627000
0.200000
0.394400
10.150000
4.200000
1.697140
1.800000
1.500000
8.961540
0.100000
1.500000
2.074070
5.600000
1.633800
19.866670
2.292310
0.814000
0.970000
2.505700
0.757600
1.500000
1.050000
1.586000
1.073000
1.490000
3.900000
0.771430
3.400000
0.900000
1.243240
0.100000
2.420000
1.690790
1.547950
0.837000
0.359000
1.929000
1.565660
2.400000
1.223776
3.137000
1.198895
1.025862
0.700000
1.629920
5.900000
0.810000
0.432200
4.420000
3.084210
1.900000
1.926470
2.846000
2.980000
11.840000
2.850000
0.608700
0.710000
1.234000
2.960000
6.878000
0.899470
3.445780
0.801170
0.486000
0.904192
3.768116
1.650000
1.368421
1.500000
1.100000
3.363640
15.200000
0.626000
0.967000
0.037000
1.700000
1.846154
0.700000
0.627000
1.625767
1.122302
1.900000
0.505950
1.100000
1.700000
2.225000
2.000000
1.037040
0.157360
0.909605
1.328770
0.306250
2.660380
0.171000
0.761905
1.507463
0.473680
22.700000
1.020690
0.180000
1.258400
1.070000
1.839000
2.597561
1.187500
2.500000
0.642336
1.443114
2.355370
0.931430
1.034480
1.666670
2.183673
5.028571
1.389830
1.200000
0.631310
1.863950
2.265152
1.512658
2.700000
3.142857
2.084110
0.471000
0.837989
0.513333
1.610000
1.663300
3.460000
2.297000
9.867000
1.818000
0.417480
1.608247
0.195876
3.800000
0.773330
1.265730
2.192590
4.739130
1.393617
1.290120
1.590360
0.682350
8.722000
0.341000
0.467000
1.100840
1.321430
0.555560
3.313000
5.791000
0.590000
0.725400
5.130000
2.260900
0.903000
1.536000
1.284000
5.082000
1.588710
1.625000
0.930000
12.578900
0.280000
1.736840
14.100000
0.312500
7.400000
1.901410
2.400000
1.836360
1.064516
1.880503
1.196080
12.000000
3.789470
0.920790
1.845361
2.291340
0.220000
4.538462
2.200000
3.108700
0.377049
1.112000
3.300000
1.387755
4.111111
1.206900
1.439560
0.767123
0.979170
0.971010
5.161290
1.878980
0.320388
1.788462
0.258000
1.169355
2.566372
1.100000
12.888890
1.800000
3.590000
1.442900
2.050000
1.102700
0.540000
0.265200
0.460000
0.783800
2.060000
7.028600
0.040000
1.797300
2.893330
1.210530
7.454550
0.056200
7.380000
0.072300
2.300000
1.953950
1.400000
0.284400
2.421488
0.407407
1.628570
1.200000
7.727270
1.543500
2.170000
0.151800
3.253520
0.815789
0.269231
2.312500
1.900000
0.864290
0.328670
0.518868
0.614173
0.597560
5.600000
0.225810
1.700000
3.226670
0.663040
0.090090
1.600000
2.781250
1.861500
0.990000
0.212000
0.600000
3.763160
0.700000
0.867500
1.700000
1.578200
0.056410
5.733333
0.702128
0.200000
13.381000
1.622000
3.347830
3.441177
1.542553
1.875000
1.000000
0.830688
7.120000
2.000000
2.683540
0.457630
0.045226
2.457630
0.980000
1.310160
1.452381
1.331000
3.194000
1.312000
0.359000
3.432000
0.559000
0.627550
6.571429
2.521739
1.635000
0.868000
4.369000
2.036590
3.300000
0.698320
2.137000
1.302000
1.542000
0.200000
5.434780
0.900000
0.223400
1.800000
0.887700
1.140740
2.200000
2.601770
0.557000
1.450000
2.906000
4.200000
1.578950
0.800000
1.386240
1.522581
12.818180
6.650000
0.857143
0.657718
1.010930
0.311258
0.846154
2.482760
23.400000
0.473680
6.720000
2.100000
1.306310
1.232000
0.298969
4.322581
3.000000
0.651160
3.000000
4.166670
1.166667
1.823530
1.086960
1.172410
10.045450
0.020000
1.048600
1.780000
4.673470
3.404260
2.586670
1.465000
10.312500
5.522727
8.000000
1.568182
1.834650
4.851850
5.100000
1.000000
2.655170
1.587500
1.805556
1.235800
2.470000
10.571400
0.873000
0.127000
0.455000
0.050000
2.426200
7.180000
0.690000
1.100000
2.800000
3.253730
0.672960
2.660000
0.480000
1.588700
5.530000
0.400000
1.732140
1.400000
2.184470
2.300813
4.156250
2.700000
1.937500
4.200000
6.083000
1.214000
0.951000
0.819670
0.084337
3.893940
2.431190
0.900000
2.800000
2.570000
0.255300
1.840000
0.790000
1.054348
21.300000
1.228100
2.510000
1.378600
1.000000
4.353000
3.366000
4.096000
2.101124
0.812500
0.535700
0.200000
0.189500
5.360000
2.017000
2.723000
3.117650
0.532660
2.872730
2.520000
0.646300
2.060000
9.000000
0.910000
0.373700
0.703500
1.340000
5.102000
0.860000
0.333333
0.700000
0.635000
1.405941
1.502924
0.440000
1.225400
1.340000
0.180000
1.524753
0.300000
1.290120
1.590360
0.682350
0.275200
0.700000
0.215800
6.040000
0.111111
0.400000
0.170000
5.512200
0.040000
2.513000
4.687500
0.774869
0.170000
1.218900
2.630000
0.300000
0.078530
0.600000
2.625000
0.476190
0.240510
0.270970
0.005155
1.231400
15.923080
0.200000
0.784090
0.745100
0.147929
1.233645
8.306000
3.905000
1.936000
1.507000
6.818182
1.623529
5.303000
1.576000
6.513000
0.880000
1.036145
4.400000
1.200000
0.291210
4.600000
1.844440
0.300000
0.319150
1.357140
0.436240
3.280900
2.708330
0.098590
1.742420
0.032000
2.648649
0.222222
1.068000
0.853000
0.161000
0.364000
0.358025
0.155080
0.020000
1.415584
2.500000
18.625000
4.350000
1.705400
2.241760
1.187970
0.650540
1.548570
10.904760
0.206520
3.921570
0.300000
1.631580
15.600000
3.326530
4.981820
3.612240
19.800000
2.091550
0.864000
1.916031
2.238532
0.339130
0.421053
0.185190
1.410000
1.000000
3.038000
0.801980
0.845588
0.951870
0.240000
2.950000
1.400000
0.058820
5.411765
3.351350
0.586210
0.106920
1.534760
0.130000
1.779310
1.400000
9.429000
0.129032
1.547872
0.581560
2.600000
1.514710
1.493000
0.532000
1.623000
1.564000
4.558000
4.818000
1.461540
0.000000
2.080360
0.183780
7.292683
2.333330
2.580650
0.411040
6.086960
0.593400
1.480000
6.555600
1.601190
1.017647
1.635294
1.625000
0.362832
1.035180
2.168000
2.350000
1.162000
1.200000
0.746190
1.700000
1.110000
11.000000
0.920000
2.200000
7.270000
4.114300
0.291390
12.750000
3.956522
1.146850
0.451220
0.263736
0.145080
0.300000
2.597701
0.342390
2.900000
1.360660
2.710000
13.538500
0.010000
1.810000
0.793296
1.314286
2.466670
1.500000
0.876620
3.869570
0.476191
0.695906
0.660000
1.516700
1.530000
2.021430
1.067114
0.081970
1.207410
0.047619
0.819672
4.100000
1.633800
1.100000
1.540540
0.700000
0.388060
2.704000
3.576923
2.142857
10.400000
2.817310
0.400000
3.928570
10.400000
0.183100
0.500000
5.944440
0.100000
6.756760
0.272727
0.967210
2.000000
0.886790
0.600000
2.184900
2.120000
7.750000
0.238000
0.608000
3.376812
0.300000
0.574190
0.900000
9.100000
0.700000
3.733330
12.500000
0.272189
0.941180
0.170000
0.179688
0.400000
0.017240
0.394740
0.529410
19.800000
0.793814
6.800000
2.527470
2.034483
1.027397
2.500000
1.150000
0.449100
1.241380
0.010750
0.581200
1.530000
0.858000
20.080000
1.790000
1.609756
0.400000
2.480000
1.842100
1.640000
0.418300
5.350000
4.076920
0.748740
7.400000
1.489580
0.280900
1.948052
2.338983
0.608390
1.149425
0.788040
1.250000
1.733000
1.558000
1.618640
1.670391
0.782610
0.215000
1.882353
18.866667
0.652000
1.683099
13.357143
23.200000
0.942600
3.670000
1.937500
1.600000
1.170300
2.260000
0.440000
11.290000
1.600000
3.810000
14.300000
3.227000
2.297000
0.181000
0.447370
2.200000
0.730260
0.600000
1.458333
1.000000
0.721500
1.470000
0.761900
1.290120
1.590360
0.682350
0.272730
2.884615
1.469140
0.070000
2.407407
21.500000
1.538460
1.489580
3.951220
1.507610
0.100000
0.724140
0.456600
0.510000
2.766200
2.230770
14.062500
1.806060
0.833000
1.924051
1.544118
0.792680
1.291667
1.691780
1.780000
0.303000
1.213000
4.571000
0.065217
1.187500
1.437500
2.070000
1.117600
4.235290
0.600000
0.460870
3.366670
1.200000
2.277780
1.062500
1.400000
4.028570
2.017860
2.865170
1.262070
1.887000
1.811000
3.261000
0.529000
0.291000
2.382000
0.565000
0.058824
0.934783
3.602000
1.337000
1.178000
1.870000
1.190955
13.222222
0.969700
0.440415
3.136360
0.290910
0.050420
0.173910
6.890000
0.192308
0.900000
2.252630
0.461538
1.307690
0.422540
0.500000
1.495730
3.210000
2.089286
1.700000
2.000000
1.333330
0.300000
0.950000
3.080460
2.662650
2.100000
0.675676
0.300000
8.470000
0.661654
0.500000
1.382650
0.421053
1.910256
1.864290
1.000000
0.577180
1.190000
0.918900
4.300000
0.500000
6.382350
1.400000
0.901000
1.167000
2.878000
12.130430
1.934066
1.670968
3.833330
0.300000
4.088240
7.118000
0.417000
0.135000
0.388000
1.500000
3.282051
1.181250
0.740541
1.152047
1.460000
2.254545
0.700000
1.907000
2.107000
0.694000
2.824000
1.366000
0.373000
0.920000
0.465753
0.800000
0.250000
1.050800
0.540000
4.700000
0.245990
0.392860
0.218800
0.480000
3.872300
0.222220
2.149254
2.626510
8.761900
1.510000
2.752800
1.891300
13.540000
0.007600
2.607840
3.646341
2.203700
1.640000
0.054100
5.900000
8.520000
0.608000
2.170000
1.300000
1.809520
0.600000
1.561400
0.862745
3.673080
0.370000
0.459184
0.400000
1.710000
0.883117
1.500000
0.700000
1.622220
3.000000
8.350000
3.533300
2.030000
2.219510
1.711111
1.040400
0.367350
0.994595
0.180410
1.550850
0.484620
1.000000
2.800000
1.444440
0.400000
1.240000
0.013423
2.400000
0.801100
0.750000
9.058800
0.855600
1.310000
19.750000
0.396550
0.027780
2.200000
3.888890
0.598802
5.105260
1.797000
2.851852
1.286432
2.920000
0.960000
0.585500
1.223530
2.053846
0.225170
1.502730
18.076923
1.522060
2.016100
0.280000
5.000000
7.400000
21.000000
3.200000
6.263000
8.735000
0.254000
2.115000
0.608000
1.731000
0.615380
2.113400
2.750000
5.756100
2.704550
1.417110
2.050000
1.535700
5.080000
13.790000
0.145161
0.800000
3.260000
2.500000
9.000000
0.383800
21.300000
0.369900
3.130000
0.577400
0.470000
1.850750
0.800000
3.369050
2.179490
3.404762
3.132530
0.312500
1.890411
0.429410
0.800000
0.634920
0.800000
2.128210
3.800000
7.000000
9.925930
0.454545
16.812500
0.578310
1.200000
1.425150
0.919000
0.189542
5.117647
4.340910
0.500000
0.514290
1.568180
1.089655
1.115110
0.830000
2.141593
1.800000
3.460000
1.634500
0.710000
2.400000
7.107140
1.200000
0.881000
2.438000
0.780000
0.990000
20.916667
0.400000
0.658160
1.196078
0.937500
1.290120
1.590360
0.682350
0.643000
0.826000
1.176000
0.522000
1.091000
8.333000
2.020000
1.377000
7.655000
0.810810
0.538462
0.176470
2.031000
2.295918
9.285714
1.536590
1.102040
5.933330
1.366200
1.620000
2.638300
7.870000
1.213000
1.170000
1.625000
1.170000
0.698400
3.550000
1.195300
0.190000
0.170000
2.393000
0.345000
0.969920
0.600000
0.882980
0.700000
0.910959
1.970870
0.600000
1.641890
24.700000
0.658390
4.133333
0.183432
1.307690
1.538860
1.405405
2.174240
0.890411
0.505682
2.387000
2.111000
0.581000
1.339290
0.286713
0.802548
3.208960
1.264460
0.206060
1.407820
3.500000
1.476190
0.865980
0.582474
0.187817
5.394740
3.500000
1.963640
7.256410
1.390244
0.348624
0.500000
2.737370
1.400000
2.678570
2.800000
0.633090
1.425000
2.055560
1.595960
1.966000
24.500000
12.750000
0.853000
1.420213
1.426136
1.361260
0.775281
6.270270
1.682000
1.222222
2.414414
4.122000
4.840000
1.741497
5.700000
0.340210
1.400000
2.976000
0.987805
1.464286
0.787000
11.076923
0.210256
1.153000
10.133000
0.582000
0.600000
1.426320
1.200000
10.100000
0.089550
1.400000
10.260000
1.217949
1.400000
10.321430
0.247934
0.852560
3.586210
0.673580
2.656570
1.590000
0.641300
3.000000
6.100000
0.367347
0.300000
2.060000
0.402300
4.280000
5.166670
1.172040
0.067070
1.453000
2.460784
16.583333
2.270000
15.312500
0.500000
0.929410
6.678571
1.056497
1.711000
0.943662
1.468532
2.149400
2.120000
1.469100
1.500000
1.860870
1.800000
0.870000
0.350515
0.500000
1.200000
0.203250
1.300000
0.269660
2.100000
0.260610
0.390000
21.636364
1.700000
1.178000
2.105000
0.387000
0.233700
4.105260
1.620690
2.400000
3.340430
0.100000
4.000000
0.210843
3.173913
2.931030
0.800000
0.264710
3.232140
0.403061
0.219251
3.088600
9.870000
3.907400
1.000000
1.051720
8.800000
2.135600
0.130000
0.365000
1.301200
0.220430
0.545450
0.900000
7.250000
1.100000
4.134620
1.045226
0.227273
3.700000
1.437960
4.300000
6.800000
1.982456
1.272727
1.282890
1.067797
1.178010
1.385870
0.176100
3.253010
10.818180
2.833333
0.722222
4.962260
0.883721
1.533333
13.350000
0.550340
2.408600
0.044200
1.237805
0.676471
0.840000
1.548387
6.700000
0.701300
3.800000
2.087720
0.981000
0.757813
0.520000
0.846670
5.310345
3.168830
9.466700
3.330000
0.012800
2.259000
1.211765
1.947712
0.740000
0.345500
1.390000
1.403970
2.700000
0.459770
0.069000
8.286000
4.016000
1.875820
0.400000
1.187850
0.315150
3.100000
1.851240
0.926470
0.620690
1.763890
0.726000
0.958115
1.902597
2.585710
0.420765
0.198276
0.335160
8.100000
1.240880
7.454550
0.060000
1.311220
0.520000
0.800000
9.070000
5.419000
17.267000
1.048000
0.469100
2.080000
0.393700
0.877000
0.419000
3.561000
1.426040
0.716418
0.951613
9.739130
11.400000
1.256580
4.650000
2.180000
0.736000
6.111110
4.352941
2.903226
1.290120
1.590360
0.682350
0.555560
1.894737
0.964910
1.062830
1.463158
6.708333
1.214000
1.029000
2.571000
1.600000
0.941799
2.000000
3.500000
1.328283
2.052632
1.044780
1.855072
0.511111
0.720000
0.121547
0.695122
7.294120
0.000000
1.311380
1.330000
2.430100
1.330000
0.707870
0.300000
1.527400
7.342000
1.290000
2.670000
0.891300
2.500000
0.356440
1.337000
1.196000
1.200000
3.310000
0.914063
0.700000
2.700000
0.680230
1.100000
1.542600
2.780000
1.391300
6.100000
2.273500
0.800000
0.200000
0.779220
1.800000
0.400000
1.366670
2.500000
2.016130
1.985507
0.968586
3.767440
1.398810
1.415840
1.000000
2.442620
6.100000
4.051280
1.300000
1.205560
0.180000
1.706897
0.400000
1.461540
0.644070
1.787230
1.080290
1.233766
0.358824
2.161020
0.534351
24.666667
1.076900
4.530000
1.908500
1.871560
0.027174
8.800000
1.100000
1.346670
0.700000
0.073900
0.250000
0.037000
1.729930
0.921570
1.534880
1.100000
1.037590
1.900000
0.690000
0.411200
7.280000
1.800000
0.608247
3.100000
2.650000
3.270800
1.150000
1.605000
0.219000
3.724000
1.530000
6.625000
1.000000
1.548610
1.830986
5.204545
0.420000
1.650000
2.800000
1.030000
4.822200
5.000000
1.661020
0.521739
1.864865
1.645960
13.444444
1.920000
2.869050
1.200000
2.282350
1.099290
0.000000
0.589470
0.214290
2.600000
12.500000
0.271700
1.060000
2.495700
4.555560
1.154639
6.777778
1.468000
3.523810
16.833333
0.989000
0.871560
1.666667
2.419350
1.683673
1.176830
2.322580
9.500000
0.666670
0.725350
1.837660
1.193180
0.818790
0.430108
0.579790
0.792200
0.170000
10.000000
1.921000
4.560000
1.254144
1.262000
0.082873
2.290598
1.527610
11.409090
0.832370
2.071000
0.692000
1.000000
0.406300
0.750000
0.663000
0.100000
2.226670
0.500000
0.685200
1.340000
0.765400
0.773000
1.538889
0.240506
1.800000
0.903610
4.500000
3.183100
2.255560
2.894740
5.590000
0.642900
0.500000
0.345860
0.708110
1.617830
0.521740
3.210526
0.413793
0.100000
0.059880
1.700000
2.500000
2.172130
0.500000
5.160000
6.833333
11.700000
1.589290
4.872340
6.833330
1.824320
2.948052
3.781250
0.738300
1.630000
0.229300
1.833330
1.800000
4.289860
1.500000
1.323170
2.800000
2.162390
0.500000
0.940170
0.795000
0.849000
1.048000
0.040000
18.076920
1.114650
1.902600
5.769230
3.024390
1.401000
1.372093
4.240741
2.220000
1.872549
1.700000
16.000000
1.936364
1.000000
0.109090
0.957890
0.977010
0.224000
17.846154
0.306569
1.403000
0.938547
1.957265
0.324020
1.760000
1.902440
1.183900
1.120000
8.187500
3.217000
0.274510
0.983193
0.186270
0.359281
11.578950
0.395800
0.710000
1.735600
2.500000
10.500000
0.091740
10.937500
1.700000
1.461540
1.301780
0.897959
0.950617
0.026000
1.837838
3.148649
0.388500
18.330000
1.575900
1.300000
14.000000
1.300000
0.365850
0.185190
5.433330
0.883000
1.075472
1.193798
1.290120
1.590360
0.682350
5.146340
2.764706
1.923729
1.130000
1.043500
1.610000
2.100000
0.030150
1.500000
1.452380
2.865170
1.147650
1.067000
7.678571
8.500000
25.818000
0.578000
1.110000
1.201920
2.034780
6.916670
2.380000
1.544304
1.700000
6.176470
0.100000
0.752070
1.484850
0.855172
1.273585
2.051470
1.838710
0.155280
1.139900
1.010000
3.423100
1.312500
0.234043
1.392860
0.253520
0.000000
0.884620
0.522500
6.530000
0.603800
1.100000
2.140000
0.712000
1.990000
1.327161
0.400000
2.341670
0.296296
2.303030
3.750000
2.417391
15.300000
2.600000
1.032800
2.480000
0.070710
1.241940
7.257140
0.300000
1.285710
0.600000
1.010000
2.077500
0.150000
1.396400
1.010000
0.016900
6.043480
1.689441
1.446700
0.330000
0.015625
1.100000
1.078000
0.088235
0.745342
1.583330
0.740385
1.108108
2.079000
0.710000
0.667000
0.260000
0.172619
3.400000
4.458330
1.260274
0.311480
7.250000
0.225810
0.220690
4.833330
2.102270
0.286550
0.420000
0.686700
0.350000
26.400000
15.176471
4.981480
1.653300
4.500000
2.863600
1.746800
0.020000
6.894700
0.354000
0.851000
0.861000
10.625000
3.400000
0.238100
0.115700
13.370000
0.305100
5.140350
0.600000
0.301890
0.024000
1.464000
2.140000
0.949000
0.071000
0.974000
19.143000
0.135714
1.226744
1.578600
0.810000
0.269200
1.020000
1.227300
1.550000
3.210000
0.840300
0.020000
0.579370
1.600000
4.534880
1.600000
10.444440
4.000000
1.043000
3.684932
2.067568
10.680000
2.657895
1.745455
2.533300
0.850000
4.900000
3.671430
0.541670
10.461540
13.277780
4.000000
1.550630
2.400000
1.918370
1.000000
5.320000
0.673469
1.900000
9.411800
1.980000
0.400000
0.151080
1.568966
1.729167
0.398000
2.937500
0.838710
0.303570
0.977941
0.057890
1.366000
0.261000
1.287000
1.044120
3.319444
1.859810
1.070000
1.271429
5.900000
2.370000
1.206300
1.850000
1.840000
4.522727
0.100000
0.051090
0.691429
1.500000
3.560000
0.317600
1.450000
1.630000
2.480800
1.700000
17.000000
1.210190
0.900000
1.630000
2.486111
1.100000
1.614000
2.364000
1.161000
2.752000
3.072464
6.322581
0.931510
2.948720
3.393440
0.494510
1.754717
0.159420
0.350000
1.341772
2.200000
0.400000
2.275360
1.800000
0.101560
3.550000
1.765060
1.662420
0.300000
1.333330
1.309000
0.923077
0.700637
0.600000
0.120220
1.200000
9.096770
0.682290
3.243900
1.841000
2.422414
4.186441
1.470000
0.782100
0.400000
3.880000
2.160000
3.156300
3.800000
2.715910
1.600000
1.800000
5.176470
1.800000
0.580000
21.750000
4.780000
1.086960
5.925000
0.610810
0.290000
2.857143
0.263889
2.288140
1.280702
2.629213
1.136000
3.613333
0.728814
5.900000
1.573770
0.705480
3.814810
1.400000
0.575000
1.100000
1.657143
1.602041
0.759000
0.030303
0.966667
0.351000
1.589041
1.500000
3.225000
3.100000
1.060340
2.568630
1.308570
0.819100
0.300000
1.451610
3.000000
1.290120
1.590360
0.682350
3.720000
10.700000
0.314470
0.480000
0.785124
0.652174
0.650000
2.571400
1.190000
7.600000
1.880000
1.300000
1.412500
7.657895
13.812500
1.451200
0.590000
13.818200
10.629630
2.814433
2.396825
3.650000
6.318182
2.100000
0.336630
0.418180
0.978720
0.917000
0.863000
2.516000
0.270830
10.222222
0.398810
7.200000
7.379310
3.900000
5.400000
1.520000
2.700000
0.698220
1.509434
1.245902
0.530300
0.800000
1.690480
1.439490
0.666670
0.677420
1.355000
0.366000
1.612000
0.293100
0.700000
1.666670
1.000000
0.534880
2.500000
1.078000
0.392638
0.989796
0.760420
1.786890
0.533330
0.973330
4.516129
0.023121
1.169000
0.651042
0.750000
4.384600
0.230000
1.113200
1.083000
1.444000
6.395000
0.008620
2.013699
0.723580
0.050000
1.189655
2.100000
0.300000
1.539823
0.690141
1.666700
2.010000
3.944400
0.598400
1.740000
0.258100
4.700000
2.777780
0.900000
0.128050
0.200000
1.420380
0.367920
3.800000
5.250000
2.285710
1.684211
0.433570
2.330000
0.797468
0.400000
1.257670
1.688680
2.702700
1.437500
0.760000
0.929400
1.043000
1.487179
2.955556
1.502920
1.200000
0.456990
1.901000
1.750000
0.433000
1.000000
0.793890
1.000000
1.163100
1.930000
3.342100
0.424050
1.100000
0.276730
1.580000
0.545455
4.208333
2.368400
0.970000
3.921900
0.242000
0.523000
2.485000
0.687860
2.901230
1.789470
1.490000
0.384600
2.230000
0.032680
0.890000
0.787500
1.000000
0.713115
1.200000
0.426000
1.136364
0.313559
2.400000
1.606380
0.900000
1.317800
1.380000
2.201800
1.340000
10.250000
4.900000
1.300000
1.168540
2.700000
0.459000
1.690909
2.078571
1.400000
1.510638
1.427083
0.140000
0.486486
2.000000
7.300000
2.132653
1.829630
1.628420
0.655740
0.209090
5.773000
0.981000
1.302000
1.053000
0.307692
0.419118
3.828130
1.850000
1.683330
2.195000
1.716049
0.338130
0.040500
2.570000
8.172400
0.080000
3.647059
0.700000
0.989420
1.600000
0.330100
0.850000
0.619000
1.470000
3.378380
2.900000
0.005880
1.310810
1.255172
0.855615
2.067570
3.196721
2.600000
1.020730
11.818182
0.521740
1.710000
1.412300
0.190000
1.000000
2.571430
2.000000
1.170000
4.333333
0.136905
0.650000
0.350283
7.400000
0.994440
0.598425
3.212770
3.257580
0.992647
2.349398
2.186440
2.253731
0.633930
6.055560
2.308824
29.700000
2.130000
6.282000
1.561000
0.300000
1.021160
0.800000
1.135100
0.580000
0.625000
0.487000
4.940000
0.624161
1.963000
1.390000
0.369000
3.000000
0.100000
3.611100
6.056000
2.466667
2.155738
1.900000
1.422220
2.100000
2.208330
2.400000
1.271430
2.100000
3.426830
8.400000
2.753850
5.100000
1.125000
1.195310
0.700000
3.400000
3.450000
0.209790
0.953846
1.400000
1.561540
2.200000
9.000000
2.076923
3.097222
3.627120
1.822785
3.571429
1.500000
1.888000
1.100000
0.617400
1.800000
2.518900
0.526320
9.300000
0.047620
1.290120
1.590360
0.682350
2.973000
1.526316
1.896552
3.052630
5.000000
6.804880
0.840000
0.218800
0.950000
2.630000
0.651899
0.100000
7.291670
1.500000
1.371950
0.482760
2.829546
1.011429
5.430000
3.836735
1.000000
2.200000
2.252170
2.900000
0.500000
1.488889
2.032000
1.341500
0.280000
1.822000
2.000000
5.462960
2.000000
2.649350
0.370370
0.175530
0.130000
2.322600
1.830000
4.100000
1.542100
0.050000
0.694000
3.597403
1.030121
0.600000
1.116560
0.900000
0.150000
1.276596
1.400000
3.045450
1.200000
1.783950
2.400000
0.099170
0.100000
1.270000
1.771930
1.100000
2.274800
0.920000
1.837600
3.986000
1.949153
4.062500
1.056100
1.680000
7.172400
5.466670
1.439490
4.931034
0.800000
6.567568
0.100000
1.000000
1.376150
0.200000
0.780900
8.590000
2.033900
1.295000
0.112903
0.750000
0.410000
0.333300
2.450000
1.273200
5.640000
1.646200
0.460000
1.006993
2.300000
1.300000
2.651790
1.100000
4.677420
3.775000
4.553190
0.661000
0.140496
1.449664
2.958000
0.464481
0.574468
0.796000
10.761905
1.369863
0.700000
0.901410
1.100000
3.090000
1.341463
0.000000
2.204800
1.600000
5.000000
11.188000
1.737931
5.176471
4.550000
2.240000
1.200000
0.709700
2.560000
0.053300
0.350400
2.720000
0.519500
0.183670
1.321053
4.458333
0.690000
10.157895
2.100000
1.107700
1.920000
1.611100
0.678000
0.890000
1.127900
2.556700
0.800000
1.602150
0.849060
0.650000
1.266667
0.810000
0.266667
1.186747
1.231000
11.846154
5.820513
0.380000
1.759615
1.600000
0.710000
1.891900
0.420000
1.082280
3.900000
12.590910
2.300000
0.284970
0.200000
0.015710
0.541670
3.976740
4.318180
1.116750
2.320000
3.936170
6.291670
0.662500
0.345130
12.250000
1.497268
0.552000
1.396552
1.262820
3.000000
0.859000
2.231000
0.153850
5.848480
0.012050
0.869110
0.300000
2.591550
0.193000
1.326087
1.909091
0.912300
0.550000
2.127000
1.628700
0.380000
2.974000
5.461500
6.790000
0.881600
1.400000
3.240000
2.232600
1.861000
1.224000
0.090000
0.875000
1.062500
10.071429
0.767240
0.984772
0.129310
5.180000
3.634921
0.100000
0.534480
0.700000
0.393940
0.200000
0.040610
24.400000
1.628930
0.091954
1.296300
0.159090
0.452128
1.344262
0.321000
2.824000
0.733000
0.391300
8.000000
3.241380
0.820000
24.363636
2.300000
1.210000
3.083333
1.300000
1.160000
5.600000
1.600000
2.500000
0.127270
17.000000
1.500000
9.458333
9.400000
0.200000
0.272730
5.900000
1.979170
0.400000
2.823530
0.514490
4.300000
13.533330
2.320300
0.810000
0.144000
1.125000
2.100000
1.681820
0.477390
0.808000
6.062500
2.358700
0.200000
1.718800
0.180000
1.326900
6.630000
1.536000
0.256000
1.318000
0.162160
0.141304
2.105263
3.539680
1.584795
1.701149
2.865670
0.290598
1.430660
9.900000
1.417480
1.700000
2.837200
1.790000
16.466700
1.200000
0.025320
0.200000
1.257810
3.590909
1.960320
1.290120
1.590360
0.682350
1.068180
1.764151
0.035714
2.784000
4.846154
0.085271
5.000000
2.378790
6.800000
2.600000
1.337079
6.700000
11.292000
1.688235
0.180000
0.640000
7.956522
1.754098
6.458330
1.774648
5.607143
5.525000
1.150000
1.221600
1.019000
2.532110
0.962963
0.490000
1.532300
10.400000
1.300000
2.051280
2.900000
0.335290
1.635290
0.800000
3.038500
1.710000
0.649000
0.635800
0.240000
1.327000
3.069800
0.090000
0.805200
1.785710
1.879433
1.067110
0.805880
2.593407
11.533333
1.447000
10.043000
2.537000
0.645000
0.395000
1.332000
0.449500
2.750000
1.207400
0.149660
1.159240
1.154930
0.762200
0.490000
0.827000
2.983610
1.488095
2.857140
0.500000
0.800000
16.733330
0.059170
1.400000
2.132650
0.402370
3.272730
1.237500
5.530000
1.404000
1.080000
1.145450
1.144578
2.301724
0.440000
4.116700
0.620000
2.528000
0.164179
0.979798
3.078900
2.720000
1.017800
3.000000
5.000000
18.800000
1.000000
1.041670
0.800000
2.686270
2.100000
0.852940
13.117650
0.878260
2.423730
1.444440
0.500000
1.355560
3.253010
4.540984
1.287500
0.010000
1.525862
2.000000
0.507940
2.510204
1.754098
2.378380
1.167939
0.013158
1.171600
0.610000
1.040700
0.760000
0.360000
4.980000
0.468100
0.100000
0.324100
1.462120
2.000000
1.896550
1.605260
1.425926
1.809520
0.200000
1.413580
2.400000
0.600000
6.290320
1.600000
0.410000
0.085900
0.610000
0.418000
1.846154
0.754098
0.890110
3.871429
0.162790
0.850000
0.639300
1.280000
0.566880
1.800000
14.052630
3.960000
0.710500
1.310000
1.810340
0.089890
4.298510
1.089890
0.795450
9.000000
5.600000
0.342110
2.800000
1.128210
2.582418
1.619355
0.438600
2.200000
0.386360
1.396040
2.363636
2.263160
4.423080
0.042328
6.444440
2.500000
3.881580
1.200000
3.500000
10.750000
0.800000
1.418370
2.100000
3.960000
15.823530
2.163044
3.428571
0.854840
0.900000
5.409090
1.518130
1.500000
4.180000
0.127000
1.483333
1.197452
0.314000
0.761000
0.480000
1.810000
1.348700
0.610000
0.160620
9.700000
2.505490
2.265630
0.200000
6.195650
6.384620
4.000000
3.153850
1.180000
1.235955
0.500000
1.660000
0.444444
3.000000
1.510000
18.571400
1.920000
0.582000
0.964467
2.604938
0.782350
3.444440
0.493420
2.480000
1.487000
0.010000
0.577200
0.130000
4.071400
2.400000
1.442860
5.000000
13.800000
9.631580
0.200000
0.346800
3.000000
1.099100
1.716000
4.803922
2.897959
3.650000
1.439024
1.200000
5.143000
0.895000
4.000000
0.976000
1.286000
1.816000
1.360000
0.921348
1.600000
2.520000
1.192547
0.642860
2.487800
1.481203
1.210811
3.952380
1.606060
2.366670
0.050000
0.609929
0.300000
1.450000
1.087500
0.900000
0.162650
0.813131
0.494565
2.062000
0.238000
2.250000
0.349400
3.820000
0.913900
0.980000
1.145161
2.600000
0.205410
3.000000
1.269230
1.220000
1.260400
1.020000
1.400000
1.596330
3.800000
1.290120
1.590360
0.682350
0.719000
0.653000
0.480000
4.212770
5.950000
0.763819
0.294000
1.850000
2.595000
1.502500
9.180000
1.552600
1.800000
3.471700
2.200000
0.766000
0.946429
1.164384
2.213600
0.580000
0.219700
7.400000
2.770000
2.250000
1.080000
1.484700
1.830000
0.829000
1.101449
0.496124
1.335230
0.189189
2.000000
1.100000
1.272730
0.100000
3.910000
4.027027
0.800000
0.083970
0.229358
3.931034
3.129030
6.107140
2.625000
0.006100
1.000000
3.700000
0.851000
9.294000
5.932000
2.280000
1.742400
1.610000
1.253000
1.612000
2.941000
2.177420
1.280000
1.129630
4.782600
3.310000
0.388300
5.190480
3.700000
2.117650
2.147000
1.415094
0.618182
0.900000
1.118920
3.100000
10.333000
3.227273
2.280000
2.300000
4.447760
2.100000
0.895520
0.396552
2.473684
0.900000
0.619570
0.900000
4.080000
4.461538
0.600000
3.491230
1.898650
0.959540
1.580800
2.330000
1.903400
2.150000
0.099099
2.000000
0.450000
0.612360
11.900000
1.800000
4.281250
1.100000
0.060000
1.709700
1.940000
7.606060
1.342110
1.913040
0.390000
0.381503
1.300000
1.813000
1.716418
4.166667
1.960000
0.235000
0.907000
0.540000
3.721000
1.796000
0.280000
1.443709
0.500000
1.229410
1.750000
0.878050
0.318180
2.394740
0.086020
0.172000
1.491379
1.297468
1.875000
1.914894
3.596770
2.280700
1.689024
1.045690
2.656000
1.743902
9.956522
1.723000
1.250000
5.314286
1.098840
0.737705
0.701754
2.071000
1.400000
0.825301
2.580650
0.500000
1.443040
0.310000
0.271600
3.330000
1.000000
1.624113
1.367350
2.477480
10.000000
2.034480
11.214290
0.100000
1.180720
0.547300
3.000000
1.663270
17.880000
0.391300
5.410000
6.481500
2.740000
2.341900
4.238100
1.321244
0.308180
0.910000
1.644444
9.600000
5.300000
4.533000
2.472000
2.301590
3.500000
0.958040
4.925000
1.823000
5.439000
8.200000
1.191180
3.700000
3.240000
1.218800
0.090000
1.347150
2.800000
0.230770
1.204380
1.115790
7.928570
1.653800
0.630000
0.914600
1.314960
0.288000
10.050000
1.013000
0.528000
1.727000
1.067480
1.925530
1.777780
3.875000
2.490000
1.120000
7.700000
1.895522
15.846150
1.897000
0.581000
0.317000
2.303920
2.800000
1.194440
0.117650
2.492958
0.713570
4.500000
0.216495
0.520619
0.227540
0.300000
2.975900
8.620700
1.040000
0.989400
2.895000
1.360000
1.033333
7.400000
0.387500
0.900000
6.380000
0.512821
2.100000
1.360000
7.117647
1.765630
0.370000
0.511900
4.320000
2.857140
0.872000
1.943396
3.041100
1.246753
0.366670
13.570000
0.363636
3.200000
0.790480
2.400000
1.197180
4.209700
0.770000
0.850700
10.076920
1.594771
0.576640
0.542550
0.489580
2.248120
0.757580
2.222222
1.896296
4.122810
0.800000
1.299360
1.035090
4.105260
0.077590
3.150000
2.000000
1.343950
3.390000
1.919100
4.610000
2.370000
0.500000
0.300000
2.131400
1.430000
0.875000
1.597010
0.198020
2.475000
1.290120
1.590360
0.682350
3.150000
9.250000
5.060000
6.631580
3.085366
0.936416
3.113920
1.900000
2.037380
1.520000
0.721400
0.670000
0.664630
2.600000
0.174160
0.560000
1.051700
2.790000
0.031000
1.041000
0.458000
0.815220
0.400000
1.527610
1.377100
0.470000
3.592100
2.407410
2.213115
1.288889
0.395830
0.700000
23.083330
1.082840
0.534350
1.774650
3.391300
1.377910
0.834390
4.830000
3.590200
0.010000
2.610000
6.032300
0.690000
1.570000
6.422222
2.200000
10.611110
0.939390
0.750000
0.130000
15.916700
0.980000
1.639200
5.530000
0.049600
1.440000
1.732484
1.800000
8.722000
1.100629
7.333333
0.581000
1.954887
1.275591
0.226000
3.031000
0.848000
1.698000
1.337000
2.144000
0.396340
1.100000
0.411760
0.130000
4.553191
0.100000
1.176500
0.410000
2.285700
0.916000
1.504425
0.128571
0.882000
0.407000
1.447000
12.714290
1.800000
0.387390
1.097000
2.481000
2.239000
0.547950
1.854545
0.210530
1.093020
0.709677
1.263636
10.200000
5.625000
0.900000
0.373020
0.864516
2.824320
1.214290
1.400000
0.860760
18.200000
1.444440
1.368420
1.651000
0.362000
0.094000
0.520000
0.398700
9.390000
0.486630
0.794118
1.640000
0.301000
0.746193
5.022222
1.000000
1.186050
1.200000
0.190750
1.028169
1.116162
12.696000
0.667000
2.025000
0.720000
0.448276
0.673077
1.840000
5.355600
0.050000
2.222200
2.320000
0.734800
4.100000
1.487180
2.175439
0.820220
0.868850
0.467210
0.490000
1.439153
1.700000
0.700000
1.683170
2.600000
8.910000
1.148600
0.170000
1.196100
0.530000
1.358000
1.397000
0.592000
3.622000
1.300000
7.458330
4.500000
0.571000
1.053000
2.458000
14.647060
0.560976
1.413790
0.947000
2.066667
0.355932
6.566670
6.482759
1.807018
1.367000
0.471000
0.733000
0.900000
2.287040
1.500000
0.904410
1.491329
0.578510
1.155740
2.184000
4.333330
1.294120
1.100000
4.294120
0.920000
2.803279
0.700000
0.111110
2.212960
2.137610
2.012820
0.614754
1.590550
1.526000
13.260000
2.376800
1.703950
2.100000
1.269840
1.520000
16.916667
1.100000
4.173910
1.025381
9.636360
3.973700
3.770000
3.845100
1.202310
0.900826
0.380952
1.444440
2.300000
2.215380
1.059000
1.761194
2.271186
7.618000
0.026000
2.825000
0.081480
4.361110
0.011630
1.960000
1.820000
1.580000
1.508470
1.611110
1.250000
1.202020
0.343434
5.942857
1.370000
0.315800
1.190000
5.433330
0.300000
2.225810
0.506330
2.287879
1.016950
1.933330
4.963640
3.185190
1.047620
1.583890
1.981480
1.064860
7.117650
1.405130
6.068970
20.300000
1.381290
1.359150
0.948148
0.770992
0.595900
0.710000
4.934800
0.200000
1.489800
0.900000
2.000000
2.200000
0.901730
1.466290
0.675676
4.187500
8.178570
1.400000
1.038460
2.570000
4.190476
0.700000
5.894740
1.813950
1.437190
1.112400
1.660000
2.255800
0.135400
1.790000
1.452300
0.396830
9.956522
0.133330
1.350000
1.932203
0.300000
1.290120
1.590360
0.682350
2.000000
0.861110
0.600000
0.460000
0.112500
1.400000
1.388490
1.500000
7.583330
11.480000
1.040700
0.750000
1.640000
0.352941
0.400000
3.042860
3.400000
1.568310
1.800000
0.884300
0.800000
0.408760
0.655630
1.361700
1.430000
1.031300
1.170000
0.260270
0.190476
1.480660
0.600000
1.142860
0.000000
2.322580
20.000000
0.600000
0.835230
2.123967
1.151899
1.313100
6.060000
3.406300
4.313000
0.881000
0.891000
0.732000
0.536842
1.192983
3.150000
2.000000
1.700000
1.148150
0.256757
1.737500
2.159570
1.416667
1.500000
0.200000
0.502510
2.400000
17.353000
2.044776
0.056604
1.230000
1.917808
5.200000
1.605770
1.333330
2.481480
19.273000
1.940000
2.080000
0.969100
1.260000
3.555600
3.077800
1.270000
1.681800
1.621470
1.417582
3.538462
0.992000
1.428571
2.491228
3.000000
9.285714
0.784946
0.337420
1.602649
0.029851
0.500000
1.475810
1.100000
8.412000
1.854000
0.909000
0.887000
3.080000
0.425532
0.976920
1.400000
2.021900
0.968590
1.834356
1.739130
3.531000
1.804000
1.089000
1.648150
3.865672
6.956522
2.052630
0.791667
0.165354
0.300000
1.129030
0.800000
1.280000
1.926200
6.200000
0.300000
3.056180
0.300000
1.016760
1.083330
2.385320
0.540000
0.748691
1.088083
0.488760
0.421053
3.136364
17.266670
0.619318
0.895954
1.300000
0.982760
0.900000
4.530000
1.394900
0.210000
0.487000
8.900000
0.194000
2.650000
0.251800
1.750000
0.504700
1.570000
8.029400
3.452050
0.924324
6.043478
0.430000
3.565217
13.200000
0.349500
1.980000
2.236800
9.150000
1.606700
0.940000
2.895830
0.600000
0.282610
10.700000
1.610810
3.000000
0.618180
2.131150
1.166670
1.231340
1.248447
0.335140
3.115000
4.771930
6.736842
1.688000
4.076923
0.213415
1.640000
0.357600
0.640000
2.520000
0.313609
5.000000
1.545000
0.773000
0.229000
0.720000
0.400000
1.866670
3.000000
0.340000
1.772700
1.633000
0.471000
0.174000
1.920000
0.213675
0.300000
4.540000
1.261300
2.130000
3.250000
6.937500
4.100000
7.579000
1.456522
1.820000
2.500000
0.530120
0.600000
0.110000
17.900000
0.749000
1.348150
0.600000
2.696200
13.750000
0.430556
4.739130
2.220000
0.584500
15.630000
1.110000
1.100671
0.600000
0.954770
1.610169
0.066270
5.500000
1.141300
0.410000
0.020000
0.030928
2.700000
2.509090
0.680720
3.666670
0.232000
1.610000
0.636400
1.010000
3.325000
4.140000
1.650000
1.628743
1.786667
1.259070
1.418301
18.571430
16.700000
0.274000
1.608000
1.108110
0.303920
1.269840
0.497000
1.457000
0.112000
4.338710
0.703950
0.617650
3.055000
1.879000
2.276000
1.279000
1.000000
1.256098
2.625000
0.560980
0.347310
1.238100
1.700000
2.942530
1.750000
0.031746
3.666667
0.500000
12.420000
1.349700
1.398310
1.210530
0.500000
0.700000
0.527640
3.600000
0.200000
0.096940
0.500000
0.508770
0.504425
0.041670
1.400000
5.452830
7.600000
1.480000
4.774200
1.290000
0.273440
0.631580
1.181820
0.312500
0.800000
3.383720
2.630000
0.246200
4.410000
0.100000
1.205610
0.800000
1.050000
1.483700
0.900000
2.255810
1.300000
1.186270
2.959180
2.493670
3.052630
0.766670
8.000000
0.670210
1.850000
3.162800
3.510000
0.961000
0.891892
2.517241
7.400000
0.217000
1.692000
1.259000
1.864000
0.557000
0.057590
2.104167
1.264000
0.884620
2.783505
0.424000
1.044000
0.860000
5.940000
1.776400
2.204300
1.584510
1.306750
0.103448
0.803681
0.917000
0.160584
1.351064
2.086000
1.087000
0.614000
2.050000
1.510638
6.900000
1.547870
2.000000
0.050000
3.333000
1.375000
1.070270
0.480000
3.274700
1.240000
0.298600
0.110000
8.735300
1.790320
1.500000
1.761900
1.500000
1.742860
3.100000
1.053000
1.692913
4.111111
0.397000
1.313830
3.855072
0.099000
0.616162
2.951220
0.600000
0.040540
1.500000
3.390800
0.060606
3.021280
0.970000
6.739100
0.350000
1.462070
2.184780
1.268420
11.670000
2.486238
12.000000
4.134330
1.400000
0.238100
1.400000
6.542860
2.400000
2.300000
0.320000
0.375000
1.030000
5.000000
2.660000
0.700000
0.582010
1.200000
1.182930
0.907692
17.800000
0.410000
1.544100
2.800000
1.100000
15.857143
1.700000
9.823530
0.621210
1.000000
0.056400
2.120000
2.722900
1.100000
1.898550
0.400000
0.080000
0.398438
0.800000
0.110000
0.170000
1.960000
0.664710
1.000000
1.992250
24.000000
2.033333
3.600000
1.512820
1.439190
6.538460
1.175930
4.400000
2.157890
0.742420
0.446150
3.666670
5.620000
1.634832
0.578035
0.320000
7.619048
1.200000
3.340000
0.839300
0.740000
4.073170
0.421687
2.045450
1.313040
3.136986
0.048780
0.400000
1.661500
0.290000
0.571430
0.800000
4.804880
0.200000
10.470590
1.800000
0.130000
0.573200
0.700000
2.690000
0.690476
4.687500
0.690000
1.407407
1.400000
1.819670
15.583333
1.137500
0.500000
0.365520
5.100000
1.690000
0.174200
2.810000
0.600000
2.712300
4.790000
1.780000
3.457143
3.085714
1.300000
3.043010
0.400000
1.935000
0.006000
2.515000
3.720930
1.892860
3.753420
1.506000
0.206000
1.926000
0.632430
1.325580
1.722220
0.300000
1.754720
0.400000
1.800000
0.325710
1.700000
0.600000
0.908050
1.000000
1.396700
10.670000
1.104300
0.590000
0.950000
1.600000
0.017960
1.054050
2.655170
7.114290
1.074534
1.017050
0.327870
2.477610
6.700000
3.300000
1.916670
0.600000
2.200000
1.426140
0.700000
4.562500
2.818180
3.847220
1.007000
1.404040
7.972973
2.700000
1.290323
0.726415
0.608250
5.886364
3.400000
3.705880
1.868420
0.797620
0.029000
1.280992
2.065693
14.500000
2.945455
1.019480
1.930000
1.595420
0.300000
1.481000
6.738000
2.214000
1.608110
0.666670
2.157890
3.966670
1.487013
3.500000
0.390000
0.868217
1.000000
1.880000
0.886364
0.649120
2.100000
1.900830
0.900000
0.198200
1.045802
1.458333
0.360000
2.774194
0.900000
1.480000
4.774200
1.290000
1.444440
8.606061
0.655170
1.125000
0.413000
1.140000
1.295240
1.058824
0.138300
0.752000
1.791667
1.972603
0.170500
2.730000
0.357100
1.100000
0.977270
1.500000
2.731710
9.933330
1.491800
2.299070
1.215385
0.846154
0.650800
1.380000
2.868900
0.600000
13.286000
1.795000
1.582000
2.437500
0.916667
1.300000
1.080250
1.000000
2.254240
0.065570
2.714290
0.970410
0.600000
0.486110
0.727780
1.930233
4.538462
0.125000
0.090000
1.769700
2.740260
0.900000
0.333330
2.271320
3.195122
0.111110
1.300000
0.687500
2.000000
0.883720
0.077590
10.259260
2.153850
1.073298
8.965517
0.741720
2.317760
0.452050
1.700000
0.764045
4.800000
0.920630
2.900000
11.352940
2.030000
0.847500
0.740000
1.300000
1.016670
0.200000
0.980000
2.512200
2.000000
1.506020
0.645833
0.917580
0.416110
1.666670
1.542640
7.688000
1.738739
0.195652
5.470000
0.884211
1.100000
10.117650
0.739130
6.972220
0.091000
1.747253
4.904762
0.179490
6.200000
0.113640
1.716810
0.666670
1.000000
1.340000
0.754700
2.870000
1.300000
4.951220
1.400000
0.324000
2.560976
12.181818
0.821430
1.529760
13.000000
0.226990
0.600000
0.692860
1.422000
1.102000
0.365000
0.620000
2.910112
0.800000
1.650000
1.343434
0.600000
0.670000
3.274194
3.517241
2.378640
2.000000
2.982140
2.000000
7.885000
1.528000
3.800000
1.630769
1.900000
0.100000
1.571430
0.600000
1.162000
0.915000
8.133000
0.722220
0.684211
5.680850
1.560000
2.273684
11.363636
1.126510
0.500000
0.177420
2.863600
1.600000
0.333300
5.868420
0.161290
0.256760
2.074630
1.676923
7.750000
1.103000
2.093750
0.893750
0.251430
0.531250
2.710000
1.907280
2.926830
0.518320
1.463400
2.310000
0.897400
1.112000
0.900000
0.486630
0.118000
9.150000
0.118000
0.214800
4.590000
1.374000
15.277800
1.380000
0.889700
0.816090
1.919708
6.862069
0.902000
1.815000
1.311000
1.357140
2.072990
7.666670
3.000000
0.539000
0.431000
0.252630
1.661972
2.906250
1.880000
1.041000
4.615000
5.182000
0.750000
0.361000
0.352110
7.200000
1.007350
1.117650
1.368852
0.969470
0.886600
4.647059
1.076920
8.947000
0.250000
3.102273
4.032260
2.728260
0.250000
0.306000
0.734000
1.111000
0.851060
1.406977
5.543480
1.211760
1.220000
1.641304
1.693300
0.790000
0.620000
7.774000
0.423729
0.885246
5.300000
1.916670
0.900000
1.767000
0.106061
6.000000
13.714000
7.240000
0.090909
1.254550
2.567160
1.260610
8.400000
2.696630
0.300000
0.200000
2.044440
2.900000
0.820000
1.413300
1.890000
3.037040
0.321429
1.598592
0.090000
2.406300
0.950000
3.470590
1.071429
0.987179
1.200000
0.788460
1.700000
2.206900
4.805556
0.336450
1.232000
7.034483
0.502793
2.049000
0.236000
3.887000
0.790000
2.835600
1.470000
0.300000
0.285714
2.591304
0.868690
0.600000
0.862857
0.111000
1.862000
1.076000
6.644400
2.280000
1.290000
0.820000
1.413300
1.890000
1.167700
1.060000
16.277800
1.381800
1.190000
2.016800
0.965000
3.329000
12.529000
11.000000
1.920635
0.765220
1.290000
0.738854
1.900000
1.400000
2.269230
0.300000
1.005620
0.168367
0.956760
1.430000
3.550000
0.120000
2.418000
0.650000
0.302013
4.459000
1.079646
3.233333
5.021000
0.528662
2.431035
2.354800
1.610000
0.661400
6.530000
0.865169
1.100000
1.304880
1.011696
1.253330
1.491000
4.780000
0.727000
1.120000
0.274700
1.410000
0.730770
0.659090
6.000000
9.367000
1.349206
22.000000
0.967740
2.912281
0.066116
1.730000
1.202500
7.340000
2.504000
1.190476
0.071429
0.806200
5.928571
13.833333
0.390000
1.439000
1.980000
1.900000
9.833330
8.400000
11.666670
0.755560
2.818180
0.033000
0.120000
1.371000
0.650000
0.401800
4.680000
13.928570
6.900000
2.388890
6.000000
1.960000
2.200000
1.128000
1.849000
1.412000
0.446000
0.875000
12.692000
5.900000
4.622950
3.600000
1.150290
5.055556
1.000000
0.426670
5.954546
5.054054
7.778000
4.028986
1.565574
1.734000
0.873000
1.387000
4.500000
1.577982
3.900000
1.837000
0.326000
0.731000
16.882000
4.000000
0.588608
1.351000
0.842000
2.133000
1.941750
4.142857
2.246380
9.710000
4.677419
11.900000
0.200000
0.496770
3.900000
11.625000
1.202703
2.914290
2.160310
2.329790
2.858970
1.491800
0.225810
4.281250
19.400000
0.324675
1.102941
3.800000
0.975904
0.421570
0.030000
3.385700
0.030000
1.284700
1.260000
0.102400
0.861000
0.706000
1.800000
1.627000
1.067000
2.841000
0.822200
0.130000
1.441200
1.370000
1.212400
1.610000
3.597200
13.000000
6.322600
2.208000
0.542636
1.062500
0.500000
2.230769
0.200000
0.929000
1.244444
0.311111
0.246000
0.465000
0.016000
2.600000
2.812500
1.800000
1.300000
2.802080
10.700000
0.617450
3.100000
1.000000
0.917000
1.371585
0.643411
10.820000
4.636364
0.900000
1.667000
3.129630
1.478992
1.660000
1.018200
0.720000
1.181820
0.400000
0.918600
1.237600
1.540000
2.188000
1.072200
0.770000
3.676500
5.636360
1.759740
7.428571
0.906250
0.642380
3.447060
1.710000
4.366667
1.564706
3.140000
0.149700
0.300000
0.330000
12.733300
2.800000
0.048390
4.217391
0.830769
3.225000
0.125680
2.032970
0.500000
1.010530
0.400000
0.746480
9.000000
0.597880
1.112000
0.908000
0.973000
0.969920
2.394960
2.797870
4.055560
2.612903
3.781820
1.043200
1.340000
0.727300
0.990000
0.475862
4.800000
1.260000
1.518135
1.400000
1.190000
4.824561
0.600000
1.600000
2.529410
0.600000
0.536000
4.395349
0.769784
0.600000
1.330000
11.830000
1.929080
0.556962
1.153850
4.172000
3.306122
1.106742
2.800000
1.521980
3.500000
1.250000
2.047619
2.400000
1.497000
16.833333
1.160000
1.329550
0.099010
10.538460
1.092590
19.142857
2.015038
1.816000
0.235294
12.434783
0.272730
0.622093
1.230770
1.089300
0.230000
2.520000
4.230000
0.571400
0.400000
1.250000
2.047619
2.400000
0.250000
0.953846
3.725490
0.972970
2.282051
1.710340
1.500000
3.500000
2.600000
2.000000
0.900000
0.134620
1.040000
0.707100
0.250000
1.230770
1.265306
1.413410
2.275000
0.049180
19.583330
0.830000
0.274336
1.700000
1.510000
1.884100
2.580000
1.884060
14.000000
5.121210
2.159090
5.180000
0.032050
1.020000
0.785714
4.000000
0.800000
0.943180
1.400000
1.102560
2.000000
1.413043
1.655170
10.272727
2.050000
2.200000
1.475410
2.500000
0.051300
2.030000
1.264200
3.400000
0.329790
1.000000
0.982610
0.678571
3.533330
1.130000
1.079208
1.100000
0.662300
0.640000
7.500000
1.850000
2.000000
0.600000
2.150000
0.097826
1.200000
1.591700
0.440000
2.175800
1.494300
0.850000
1.700000
3.882350
1.200000
0.198200
2.967200
2.660000
0.343100
1.453000
2.645000
2.326000
0.100000
1.989800
16.600000
1.265150
1.324320
0.568630
0.500000
1.459460
1.500000
2.967000
0.373626
0.666667
0.018000
1.063000
5.346000
2.684210
2.000000
5.520830
0.900000
1.314290
3.500000
6.179000
6.736842
1.585106
0.055560
3.160494
1.100000
0.579710
2.055556
0.698860
3.418600
8.000000
2.577778
0.871560
1.100000
6.777780
1.500000
0.716050
1.000000
2.100000
4.769231
0.100000
2.400000
2.904760
2.500000
2.178000
2.075000
3.216216
2.274730
0.900000
0.084750
2.260400
0.180000
0.123700
2.000000
3.521740
0.000000
0.491890
0.803571
19.666670
1.941900
2.740000
1.942900
7.375000
0.911602
1.679487
0.502620
1.450980
0.294416
1.240000
1.975610
11.300000
0.058510
3.437500
0.066670
0.782050
2.394737
1.066120
2.446000
1.165049
0.593750
2.666670
1.951220
1.250000
0.648000
2.043478
0.299363
2.500000
0.144440
1.600000
0.405660
0.386139
3.280700
1.954000
8.689655
0.650000
0.821430
0.588957
3.300000
10.833330
0.122810
2.007300
1.050300
0.490000
0.491900
0.780000
0.381000
4.890000
0.080000
3.194400
0.830000
0.851060
2.600000
7.487180
1.885350
1.400000
1.066670
0.310000
3.910400
0.130000
3.420000
1.521400
0.910000
0.206520
0.540323
1.693330
2.500000
0.580000
0.292200
1.600000
0.163930
0.500000
3.014300
6.050000
0.848500
0.380000
1.529900
1.220000
1.560000
3.285714
3.980769
2.560000
1.311800
1.750000
1.938050
0.927460
1.419850
3.860000
0.210000
0.200000
0.326000
1.666667
1.584337
0.870130
1.152170
2.468090
2.060000
1.335700
1.370000
0.878980
0.712000
0.828221
0.364200
1.582090
3.180330
0.144140
0.714290
0.211180
2.534250
1.800000
0.531650
1.176990
0.379310
1.613100
7.670000
6.000000
3.000000
1.336540
0.785714
0.329110
2.180000
2.344828
0.800000
0.037380
2.500000
0.024790
0.372900
2.050000
0.700500
0.141890
3.352941
0.418301
19.800000
3.172840
0.075860
0.790000
20.833300
3.450000
0.216000
0.765957
2.426667
6.933330
1.333333
1.612360
2.360660
2.500000
1.851850
0.095240
1.114583
0.235770
2.126000
3.359375
8.125000
0.364200
1.582090
3.180330
0.751000
1.157303
1.508671
0.727890
0.200000
0.630210
5.142900
0.240000
2.562500
1.342700
4.800000
12.300000
2.258060
3.202899
1.176920
3.577800
2.340000
2.326100
0.080000
0.693989
1.909091
0.636000
1.221000
4.467000
9.161290
2.931035
0.680628
0.735400
1.190000
2.225800
0.339810
2.601770
1.078010
1.325300
2.300000
3.253330
0.342000
2.126984
1.567901
3.558820
17.909090
1.540000
2.193180
2.400000
2.089290
1.500000
4.580650
1.400000
0.112900
15.300000
1.511000
0.210000
0.884400
1.520000
1.128380
1.141243
1.142132
0.951400
2.470000
0.102700
3.100000
1.212440
1.500000
0.924320
3.400000
1.123600
1.540000
3.524390
0.300000
1.543480
11.590909
1.108910
14.800000
1.807143
0.222220
0.984730
0.660714
0.162393
5.533330
1.361111
0.907980
1.254390
4.810811
0.371429
0.500000
0.222930
6.300000
1.221520
0.228571
1.293785
2.134330
1.762712
0.521740
0.470900
2.370000
0.168000
24.666670
4.500000
0.333330
1.667000
1.016393
2.235294
1.087300
0.600000
1.880430
2.176000
3.473684
8.558824
1.071430
0.522290
1.237290
1.023300
1.420000
0.023700
2.171400
1.350000
1.016400
1.615000
19.154000
1.901000
3.916670
1.560000
2.716980
0.800000
1.223529
1.319588
0.748000
8.190000
1.625000
0.253000
0.276596
1.435897
1.954550
2.954545
2.813190
1.453490
1.300000
1.176800
1.600000
2.046880
0.700000
0.202610
0.200000
7.555560
0.704000
0.717391
2.433962
7.000000
2.352941
1.500000
3.120000
3.863600
1.890000
6.173910
8.650000
0.027270
1.203000
0.816000
1.860000
0.935700
1.420000
1.921600
2.500000
3.142860
0.400000
1.302700
0.977010
1.579710
2.090000
0.750000
0.500000
1.818180
1.512690
1.677966
9.778000
1.495413
0.205480
11.400000
4.766670
0.000000
0.100000
0.752480
5.300000
2.043480
2.076923
3.115380
3.233000
1.589000
11.615000
0.579490
0.105960
1.208590
0.185190
0.939394
1.691429
0.899160
3.666667
1.147727
0.541440
2.945455
0.792550
0.479770
1.900000
8.272730
3.770000
0.440000
3.390000
4.650000
4.885700
0.050000
1.769000
19.727273
1.404255
1.908000
3.045000
1.358000
2.608700
2.878049
1.847620
0.209800
1.420000
0.268500
4.400000
2.597010
0.100000
2.272730
1.130000
1.772730
2.569890
0.809524
6.576923
2.977270
4.215385
1.381818
1.081630
2.900000
0.169810
0.722200
0.590000
3.022000
1.304960
1.000000
2.578130
1.306450
2.000000
1.858490
2.075000
1.169000
0.641000
1.260000
2.727300
1.860000
1.156520
1.300000
1.034090
5.110000
2.975000
2.550000
1.456310
1.472603
4.534483
3.600000
0.800000
1.304640
6.187500
0.200000
1.852940
0.101000
7.852000
0.426000
0.045450
1.385321
2.151515
0.200000
1.580000
2.200000
1.600000
3.900000
0.900000
0.256410
1.336790
1.305560
3.458330
0.700000
1.161540
3.109590
0.900000
0.383840
1.005350
2.254720
1.662340
1.623380
1.606667
0.384620
1.248200
3.050000
0.610600
0.101000
7.852000
0.426000
3.714290
16.733333
3.292680
1.368000
1.622222
2.504274
0.700000
2.268660
0.900000
0.226000
0.287000
0.642000
2.302080
10.100000
1.221622
1.396000
2.123000
2.037000
3.714000
2.193000
0.281000
0.362000
0.500000
1.468000
0.444440
0.358780
2.448980
0.400000
0.784720
1.600000
0.500000
2.176471
11.100000
1.100000
1.312500
1.900000
1.100000
0.994850
3.100000
2.870000
0.714286
1.779141
0.080000
0.098039
3.800000
0.700000
1.875000
0.100000
2.100000
0.960890
2.100000
1.300000
0.661420
2.000000
0.510000
5.038462
0.400000
0.370000
10.275862
2.500000
25.450000
0.008772
1.100000
1.268000
3.457000
1.258000
0.165710
0.700000
0.473960
1.061000
1.028000
0.135000
1.153850
0.930233
0.156860
0.190000
0.875000
0.990000
1.410000
4.833300
2.320000
1.446000
6.000000
4.517000
16.230770
0.147727
0.657895
2.349510
1.943180
1.113920
1.833000
0.725610
0.108434
0.794000
2.424000
1.739000
0.385000
1.875969
1.341880
11.455000
4.913793
1.042373
0.700000
1.861640
6.400000
1.039330
0.081967
0.600000
2.740000
2.277228
1.900000
1.069890
0.894737
5.625000
1.650000
5.777800
0.520000
0.068570
4.100000
0.010870
1.027930
1.200000
1.503110
1.142000
6.133333
2.480520
6.342900
1.900000
1.388900
0.587200
1.150000
2.267200
2.598100
2.600000
0.457600
1.898990
0.895290
2.888890
0.025300
2.060000
1.374100
3.400000
6.065000
14.000000
2.420000
0.742700
1.450000
0.635000
0.085227
0.789474
0.418000
6.556000
0.500000
1.313250
0.400000
0.957670
5.111110
0.900000
0.972970
0.152170
1.954887
1.750000
0.519230
1.614865
1.380950
0.443700
1.910000
9.941200
0.800000
0.343590
4.000000
10.300000
0.400000
0.452380
1.270590
0.500000
0.311220
9.000000
1.422220
1.000000
0.503230
0.800000
1.048190
0.930000
1.547400
0.270000
1.587210
0.207865
2.190476
1.600000
1.183670
1.000000
1.770000
2.450700
0.160000
2.560000
0.268400
5.000000
1.560000
0.060400
1.170000
0.464000
2.756000
1.200000
1.442000
0.354839
13.380952
0.093530
2.300000
1.134410
1.030000
2.122951
1.300000
4.833330
2.466667
3.475610
1.914730
1.685714
3.500000
0.111110
1.251656
1.666670
2.128440
1.500000
4.304350
0.236400
0.030000
0.087000
0.446280
1.500000
0.225000
1.300000
4.208960
4.100000
0.866280
0.800000
0.789470
2.900000
3.186050
0.200000
3.435480
1.113402
1.160840
0.736110
1.700000
8.142860
2.273000
1.388889
1.170455
0.068800
1.230000
1.026000
2.706520
1.907692
3.637500
0.045200
2.893204
1.090909
2.092600
0.770000
0.741800
1.949490
0.796992
0.251534
1.768000
0.579000
0.899000
0.640000
4.803571
2.600000
2.524270
1.200000
4.043480
0.552850
1.400000
2.111110
4.059000
1.721000
1.659000
0.981480
0.333333
3.043010
0.191000
0.882353
15.944444
1.000000
0.794870
3.300000
1.106000
0.983000
2.514000
0.106100
1.830000
0.514100
2.008260
2.590909
1.548390
2.524270
1.200000
4.043480
1.200000
0.803922
0.500000
1.700000
1.424870
0.000000
1.860000
3.000000
0.770000
3.020000
0.367232
0.800000
0.760000
2.229500
0.970000
0.550000
0.229730
1.666667
5.500000
1.210000
2.000000
0.009430
18.272727
0.700730
1.944000
1.758824
2.984375
2.179490
0.958333
1.827586
0.954770
2.068627
0.923077
0.830000
1.279070
1.600000
11.400000
1.418600
0.972680
0.113000
1.583000
8.143000
14.710000
5.605300
1.980000
1.620920
1.726191
6.340909
0.300000
6.829270
2.500000
0.100000
1.966100
10.200000
3.926500
0.260000
0.689100
1.260000
0.611111
0.500000
0.079100
0.710000
1.694700
3.815790
0.131579
0.560750
1.336000
1.016575
1.987500
1.200000
1.830190
4.800000
0.572410
0.135480
0.886790
2.990000
4.047600
1.570000
1.846800
0.200000
1.317800
1.960320
12.478261
0.280488
1.960000
6.400000
6.000000
5.122810
1.425926
1.626761
2.903200
1.230000
0.323500
2.450000
0.291667
7.100000
1.923080
11.555560
0.375000
3.272730
0.770408
2.304878
5.060000
0.142857
4.160000
2.160380
5.423080
1.212120
1.500000
9.357140
1.759120
1.833000
0.444000
3.182000
1.638000
2.707000
0.083000
0.800000
0.900000
1.151320
2.781250
5.750000
2.251908
0.529410
0.896340
1.052630
1.000000
0.768040
27.000000
1.533000
3.814000
0.531000
1.704350
0.408450
0.130770
1.760500
1.400000
0.299400
1.700000
0.130680
14.000000
2.019000
1.768000
1.601000
1.319150
3.300000
4.384620
0.373630
7.083333
0.034720
0.446150
3.575000
1.646465
0.775400
0.219895
11.230769
1.533680
0.438600
0.220000
1.900710
2.162162
1.281080
2.078950
2.597830
0.560440
1.370000
5.062500
1.200000
3.400000
3.905700
2.480000
3.255000
0.143000
1.125000
0.524900
1.740000
0.549700
0.038710
0.882353
0.578950
2.780490
0.967740
0.346940
3.000000
0.056000
2.222000
1.410000
1.032900
1.980000
2.522400
0.700000
2.257700
0.798880
1.649254
1.426470
10.170000
3.200000
1.360000
2.714290
1.300000
2.816670
3.425000
0.486111
1.478947
2.460000
1.666700
5.160000
2.146550
2.400000
11.000000
1.080000
1.422800
1.930000
1.900000
2.750000
1.210000
1.564100
1.300000
0.441180
1.300000
1.051720
0.800000
0.518520
2.067568
0.283582
0.427000
1.227000
0.411000
1.351000
6.291667
0.306122
0.080000
1.883721
1.363636
1.277460
0.300000
0.601040
4.811320
9.700000
3.000000
1.500000
0.818790
3.000000
0.874000
1.151163
1.262032
0.473000
0.300000
1.043000
1.029400
0.840000
19.400000
0.853400
0.680000
2.682400
1.314800
0.890000
0.860500
4.200000
1.384620
3.000000
0.752870
1.000000
1.556450
1.666670
1.301780
0.342660
3.109760
2.605505
7.727273
2.870000
0.424500
1.300000
1.360000
1.090909
0.700000
3.016000
4.513514
0.316239
2.118520
2.787879
2.733945
6.300000
10.266670
1.300000
10.923080
2.755814
3.744680
1.260870
2.057970
0.227640
1.537500
13.700000
0.058820
0.030000
8.666667
0.800000
0.700000
0.015380
5.400000
1.153440
0.656410
4.909090
2.886360
1.366492
1.187500
2.638890
1.400000
0.084510
1.357890
1.084660
1.075760
2.490000
1.442700
7.760000
1.584910
1.351351
0.351351
0.700000
0.015380
5.400000
12.600000
3.290910
0.400000
1.500000
1.633880
1.000000
1.221000
0.547000
15.786000
1.980000
0.113333
0.600000
3.560000
2.489362
0.000000
0.381220
0.686275
1.324840
1.866670
2.309734
1.362319
19.666670
0.253623
0.818180
0.340000
5.324300
0.580000
5.702000
1.533333
1.562162
2.190840
2.189655
8.782610
0.241940
0.200000
1.142860
1.579700
1.020000
5.571400
3.136840
1.200000
1.469610
1.330000
4.041700
0.830000
0.091000
0.565000
0.121000
9.615400
0.510000
4.488900
1.740000
1.707300
1.880000
3.566040
1.105263
7.275000
2.280000
0.307692
7.217391
2.701800
0.430000
1.500000
1.046510
1.130650
0.786520
0.315790
1.492228
2.543210
8.185000
0.325000
23.100000
1.651430
1.279070
0.618320
6.647060
1.537230
0.923080
2.640630
3.100000
1.645830
3.550720
0.514851
1.663930
0.932400
3.460000
1.554300
0.684210
2.203125
1.792453
2.790000
0.333333
2.200000
2.400000
0.130000
2.329900
0.896300
1.200000
6.454550
1.882350
1.922222
1.370370
0.197370
0.211270
2.444440
0.300000
4.156250
2.000000
3.264700
1.390000
1.804900
2.863640
0.400000
0.050000
2.816000
5.408163
1.458563
0.088000
1.162000
1.636000
2.060000
2.030769
9.900000
0.593020
10.320000
1.337838
0.400000
1.328570
0.400000
12.600000
1.878790
0.400000
0.224000
2.385000
0.224000
0.724410
0.500000
1.583330
1.680000
2.068000
2.270000
13.687500
2.310000
3.794520
2.762500
14.300000
0.604650
1.180000
4.806452
0.675258
6.110000
2.655556
13.500000
1.400000
0.352940
0.877860
21.666670
1.274194
1.088235
0.441440
2.300000
0.015790
1.200000
1.477010
0.200000
1.723200
2.150000
0.222800
0.379000
1.429000
0.921000
0.512050
1.000000
1.127520
0.532710
1.100000
2.202130
1.031250
0.223214
0.144928
2.586200
1.070000
1.830200
0.812500
3.129032
2.333330
0.270000
0.187500
2.800000
0.777110
1.150943
2.820000
2.200000
0.938050
1.100000
3.080000
4.310345
2.600000
1.310000
4.596774
0.800000
0.700000
0.628570
1.800000
0.820000
4.142857
0.500000
1.532000
1.167000
8.167000
0.400000
0.802817
0.800000
0.330100
0.782051
13.181820
0.300000
3.540000
1.500000
2.013000
5.614000
0.553000
3.016000
4.673469
1.839623
13.875000
1.482143
10.833330
2.263600
1.720000
2.581000
0.826000
1.265000
0.381000
2.020550
1.010101
5.171429
4.659090
4.460000
3.044440
4.574500
2.470000
2.206500
13.583330
0.895833
1.205880
0.150000
0.292208
1.700000
0.053760
0.241611
5.608700
2.108000
6.357000
1.786000
2.032790
2.800000
1.226090
2.241000
0.532000
1.117000
1.575340
0.400000
1.827340
3.698110
0.200000
0.363010
4.864860
1.766670
23.818180
0.092310
6.135140
2.194440
0.580000
1.301075
1.100000
6.850000
0.386905
0.655914
6.850000
0.386905
0.655914
19.600000
0.740900
5.290000
1.420000
5.288500
2.610000
0.414000
5.796000
3.871000
2.125000
4.960000
3.217900
0.846700
1.410000
0.943400
5.375000
1.400000
3.206900
0.693430
0.765027
1.130081
1.054260
1.000000
0.101690
3.228000
1.261682
2.901961
23.000000
1.971430
2.500000
0.398150
1.800000
2.032260
0.590000
0.021739
1.500000
0.700000
0.857140
1.400000
5.700000
0.426970
1.200000
0.217000
0.744000
2.551000
0.500000
0.671880
3.600000
1.848480
0.700000
1.422540
3.550000
7.457100
0.190000
3.430000
0.981100
0.900000
1.569900
6.000000
1.671900
5.957000
2.116883
3.268293
17.700000
0.610000
0.310000
2.120000
2.888889
4.200000
6.896550
0.913793
2.368852
1.390000
4.129032
2.100000
1.597800
0.410000
3.238600
0.703450
1.297143
3.857143
27.000000
1.414894
1.300000
3.400000
1.733330
1.200000
1.700000
0.166667
2.870968
5.822220
0.100000
0.846150
1.155560
1.583893
0.451810
1.330000
12.304348
0.900000
0.559200
0.340000
1.844200
2.758240
1.300000
1.627910
0.500000
2.212960
4.000000
0.418600
1.475936
0.803920
0.656860
0.700000
7.555560
0.455000
1.854000
1.643000
0.921050
1.580950
3.743590
0.949750
1.656716
1.758621
10.160000
0.662857
0.500000
5.400000
0.061800
2.290700
0.945000
0.620000
10.235300
1.857140
3.289474
2.623853
0.650000
1.453608
1.200000
0.899500
1.610000
1.164400
0.234000
0.730000
2.410300
9.310340
1.077844
3.505882
1.220000
1.152000
6.810000
3.493670
3.356164
4.058824
2.101010
0.790480
1.523810
0.780000
1.194000
3.800000
0.166670
1.200000
0.396550
1.547000
4.000000
0.181818
10.421050
4.250000
1.268040
0.640000
2.360000
0.260000
0.588240
13.238095
3.580650
2.806000
4.000000
0.254438
7.555600
0.860000
4.152800
2.590000
4.225807
0.800000
0.186810
0.044444
1.010582
0.660920
2.000000
0.410710
6.033000
1.201031
1.523077
2.017000
1.978000
1.542000
0.670000
0.934783
0.300000
4.513000
1.461538
0.513158
5.285710
0.611940
1.388490
0.051280
0.977010
2.451610
0.757300
0.010000
1.431000
1.531070
0.500000
9.833330
0.692980
4.460320
6.000000
4.113000
1.231000
0.609000
1.208330
2.119403
2.540980
0.250000
10.275862
1.400000
3.790700
0.250000
8.333333
0.100000
0.600000
2.300000
0.309000
2.940299
0.641667
0.312500
0.650000
1.039106
1.299500
11.500000
0.766700
1.927000
0.790000
0.916000
0.848000
0.978000
2.133000
0.326200
0.180124
0.346405
3.000000
1.000000
10.894740
3.673100
0.970000
1.151300
1.481500
0.800000
2.579700
1.657000
1.613000
3.543000
1.112360
0.662791
1.134146
13.350000
0.035100
2.230000
1.209000
4.210000
3.585000
0.752070
2.000000
2.200000
1.366500
1.320000
0.905800
2.390000
1.657534
2.000000
1.000000
0.586590
6.800000
1.827590
4.000000
5.400000
1.050000
2.134454
0.300000
4.047000
10.833000
16.857000
2.295450
1.913390
3.645160
1.119000
1.689024
1.164835
1.400000
1.527950
0.800000
1.122100
1.450000
1.000000
1.570620
0.542056
0.576271
0.732620
2.300000
2.203880
0.179000
0.600000
1.365000
2.494620
4.875000
0.884820
0.546100
0.091840
0.486340
1.940000
0.858974
6.100000
0.048000
0.608466
5.533333
0.200000
3.650000
1.300000
0.829790
0.186747
3.703704
8.076920
1.741935
1.662420
9.600000
3.756760
0.800000
1.078740
0.905172
0.078950
1.330000
0.330000
0.521400
0.166670
2.425290
3.368420
0.280000
0.526300
3.580000
1.355830
1.686047
1.891570
10.611100
1.170000
0.750000
0.362070
1.496970
0.072850
1.400000
1.852940
3.100000
0.700000
1.744900
1.600000
1.220000
4.619000
0.020000
2.545000
3.256000
3.099000
6.140000
0.400000
1.140000
10.150000
2.086022
0.900000
5.764710
0.200000
0.765150
1.617980
0.155170
0.361290
4.600000
1.352110
1.200000
0.812500
0.500000
1.820510
1.038000
0.456140
0.086957
1.692000
1.037000
1.628000
0.114000
1.776119
1.303192
1.474000
1.711409
0.610390
0.383780
2.931510
1.931030
1.550000
0.743360
2.025640
3.584910
0.031580
2.065420
0.800000
0.142110
1.200000
6.139530
0.699454
1.283951
3.390000
3.696000
2.136000
6.100000
0.869048
3.100000
2.968250
1.175676
2.800000
1.030000
5.584900
0.590000
7.000000
5.430000
3.909100
1.684210
2.786670
7.900000
5.444400
0.830000
0.182900
2.575000
1.715517
1.458333
1.615380
1.000000
0.670050
2.020000
1.732800
1.520000
0.082840
0.566474
10.800000
0.421000
0.187000
1.088000
1.864860
0.600000
1.566040
11.541670
1.533333
0.740260
0.340000
2.209900
2.800000
0.261000
2.434000
2.911000
0.400000
0.196720
2.600000
0.301200
5.065217
2.878790
1.319400
0.450000
8.333300
0.376340
0.500000
0.718750
6.263000
2.326000
2.560000
0.395800
1.300000
2.200000
0.000000
1.057970
0.400000
0.560000
0.678832
1.100000
1.730800
2.410000
1.597800
3.820000
1.183674
0.500000
0.987950
0.897960
0.500000
2.020830
1.801370
21.636364
0.125900
5.850000
0.734100
0.900000
14.875000
7.800000
0.230000
2.382600
0.260000
0.812000
1.508000
2.325000
1.700000
1.462030
0.600000
2.526320
2.102041
0.730769
1.618710
1.148936
2.975309
1.806820
5.578950
9.600000
0.500000
0.642000
1.453000
0.546390
12.933333
1.130210
0.178860
6.050000
2.690910
2.410000
0.888889
2.600000
1.762500
3.666670
0.500000
2.693880
3.555560
0.878980
0.624280
2.200000
0.970590
0.460000
2.385500
0.120000
0.700000
0.017540
2.000000
0.500000
1.439020
0.200000
0.730000
5.804300
1.170000
1.809520
17.769230
0.038460
3.296300
2.038960
0.125000
1.566670
2.657890
2.034480
1.072400
4.700000
2.230000
1.359000
1.214953
1.030303
2.100000
11.466670
3.000000
1.140000
1.648045
1.500000
1.290000
5.666700
0.780000
5.111000
1.234568
1.300000
2.254900
1.476190
2.347370
2.690000
1.593750
9.200000
0.865200
0.970000
0.808000
2.760000
0.366667
12.000000
1.119000
1.689024
1.164835
0.261260
1.000000
3.159570
7.570000
1.882353
1.600000
1.316130
4.370968
0.482350
0.000000
1.529410
1.200000
0.620000
0.649007
1.934641
1.393000
1.873000
1.173000
3.200000
0.931030
1.500000
0.264500
1.960000
0.968800
0.410000
1.788080
0.100000
0.667000
5.673000
0.732000
1.800000
1.949300
0.370000
1.384100
1.860000
2.069600
2.800000
0.791370
3.300000
1.312500
1.942857
4.820000
0.710000
5.346200
2.970000
1.357140
0.100000
1.037040
0.631000
10.545455
6.230769
2.095590
4.700000
0.500000
2.000000
0.438360
0.700000
0.803280
1.690141
6.666667
3.823530
0.680000
2.204550
2.168220
1.287293
0.048000
0.763000
1.278107
9.875000
1.335820
1.698630
1.408600
11.095200
2.270000
1.011800
0.639000
0.193000
0.783000
1.800000
0.504100
1.270000
2.372700
1.070000
1.266100
2.813950
2.884620
1.733330
1.200000
3.155170
0.100000
3.630140
0.900000
4.317460
0.125000
3.088235
0.257143
0.560000
1.568200
1.340000
4.440000
1.425000
0.868000
0.580000
1.393200
1.120000
0.107140
1.048128
3.818182
3.150000
1.018987
1.300000
1.500000
1.940740
0.400000
0.861790
1.505620
1.852560
4.284000
1.408333
1.584615
0.287360
4.301890
3.181820
2.144440
1.006849
2.712871
1.574000
0.787000
2.972000
0.720000
0.488500
2.020000
3.000000
7.756800
0.860000
1.580000
2.677966
0.700000
2.290000
0.014599
1.600000
0.687940
1.871429
0.306450
0.750000
15.800000
0.700500
7.230800
0.060000
2.663400
1.160000
3.181818
2.200000
3.345000
3.719000
1.455000
2.879310
22.500000
0.134830
0.672000
1.434000
1.254000
10.083330
0.517730
1.600000
0.830000
1.687900
0.630000
0.730000
2.756098
4.000000
3.160000
1.507246
1.000000
1.414890
4.325000
0.630770
1.540000
4.101700
0.580000
1.119000
1.689024
1.164835
0.310000
1.453988
6.900000
1.101450
0.149070
0.961540
0.950000
1.893617
0.100000
0.279410
0.800000
1.860470
1.414630
1.177966
0.824074
5.666700
1.030000
1.545500
0.862300
10.880000
1.877000
2.670000
3.363600
3.230000
3.700000
8.478260
5.400000
1.197450
4.867925
0.400000
2.102560
0.479167
0.145700
1.520000
1.510600
5.980000
0.660000
1.455900
18.670000
0.294120
0.200000
0.181100
2.269230
2.158537
2.320988
1.362900
1.772455
1.406590
2.027520
2.204545
0.134620
0.300000
4.982140
1.500000
0.275590
2.277778
3.303370
1.330000
1.533300
22.000000
0.725000
0.053000
2.189000
1.787000
1.833333
1.505814
6.382000
0.294000
2.183000
1.104000
2.280000
1.477000
1.840000
1.618421
4.900000
1.120000
1.464100
0.250000
2.282610
0.100000
1.556450
0.254390
2.250000
3.738095
0.435000
1.401163
1.378531
1.817600
0.200000
3.411800
1.208090
6.088890
0.081760
1.890000
0.813800
7.570000
2.428570
0.007874
1.225564
2.018000
0.022000
2.440000
14.700000
0.823529
0.500000
0.753090
0.630000
0.430660
1.046000
0.585635
0.878049
0.260000
2.613636
0.400000
0.630000
0.642384
0.085714
0.246000
1.880952
16.117647
0.058800
0.040000
1.241900
1.055120
3.100000
0.026740
0.220340
1.685315
0.185185
1.000000
0.365979
2.416667
0.361000
3.438000
2.070000
0.293100
0.200000
1.031450
6.976190
1.731250
0.393939
1.903000
0.865248
2.174603
5.200000
2.873400
1.320000
0.530000
6.750000
0.660000
0.603400
1.630000
1.264300
0.504000
1.734180
3.023260
1.100000
4.042250
1.400000
0.459180
2.133333
1.218935
2.273000
0.617000
0.320000
0.063000
3.769000
1.832000
1.342110
0.979167
0.096774
3.222000
4.435000
2.695000
1.560280
0.309640
1.288240
1.570000
1.267857
1.800000
5.100000
2.193548
1.547620
10.650000
2.100000
0.838540
1.150000
0.009434
1.300000
2.525000
1.600000
3.500000
2.100000
0.139780
4.100000
0.276600
2.400000
5.346150
1.337840
2.173228
1.081633
0.440000
3.148900
0.760000
1.080000
0.819400
0.380000
2.641980
0.434783
2.673469
2.810000
1.687500
2.300000
0.262500
0.700000
10.666670
2.938460
1.370370
1.462070
1.000000
0.800000
0.234040
0.530000
0.171400
2.390000
1.495650
0.863160
0.912280
6.070000
0.990741
2.400000
3.033300
2.190000
0.360900
1.957980
1.200000
13.500000
0.836840
3.379310
1.471790
2.361110
1.940300
0.340910
1.000000
5.461538
0.989010
0.901000
1.195000
0.240000
0.714290
3.513514
2.195313
1.700000
4.428570
2.800000
1.270000
0.823900
0.230000
1.278950
0.285714
0.606250
1.925000
2.333000
0.658000
0.245990
1.750000
0.973684
3.231900
0.880000
4.703700
0.348100
1.266667
0.734848
9.600000
1.793000
0.286000
2.060000
1.864000
1.329000
2.558000
3.686000
0.876000
0.251000
4.667000
1.252000
2.164000
23.600000
7.393000
0.570000
2.682540
0.400000
2.700000
0.694810
1.800000
0.150000
1.022989
1.700000
0.872930
1.800000
14.375000
1.900000
1.377550
1.300000
0.677780
7.000000
1.427083
1.660000
8.000000
1.020000
0.823000
1.580000
0.940000
0.390000
1.896600
0.250000
6.315790
0.200000
0.681820
0.566270
1.673330
1.043100
0.906250
1.100000
1.513890
1.892000
4.219000
2.271000
2.585100
1.280000
2.739100
0.595740
14.411765
0.621760
0.166670
3.700000
0.832370
3.280000
3.363600
0.080000
4.105260
19.500000
1.701990
0.272730
1.053480
3.114290
8.200000
3.868000
1.208000
3.042550
1.980392
1.297870
1.110000
0.900000
5.866670
9.760000
0.559320
1.110430
3.820000
6.562500
0.200000
1.663460
0.185185
1.434524
1.787040
0.245614
3.093020
0.974840
1.100000
1.535480
1.462100
2.290000
3.911100
0.100000
0.342470
0.900000
2.861100
5.250000
0.878800
1.287000
0.677419
0.981132
15.067000
0.549451
2.578947
1.030000
4.102600
0.340000
1.400000
1.091837
0.300000
0.070000
1.196400
1.550000
2.125980
2.200000
0.380430
1.022350
0.512821
1.400000
0.960000
0.596491
0.200000
0.489000
0.056000
1.797000
0.472730
1.400000
1.260000
0.275280
2.800000
2.035710
0.319770
1.200000
0.277780
0.630000
0.642384
0.085714
0.768210
3.147060
1.406250
0.320000
1.960000
1.937000
1.663790
0.609930
9.952380
10.450000
1.813187
1.700000
0.258620
1.107692
9.093750
0.440000
1.200000
11.690000
0.724320
9.218750
1.500000
0.210000
2.937500
0.010000
0.061110
2.000000
2.333330
2.181820
1.100000
0.786100
6.735000
0.213333
4.933333
0.150000
1.452055
2.200000
4.925000
0.300000
0.833333
0.294420
0.333333
0.923080
1.345000
0.934524
0.686567
0.720000
19.090909
1.500000
2.191920
0.200000
0.472360
1.200000
1.363000
1.727000
4.944440
3.700000
0.846150
1.674420
0.156863
1.056000
2.339000
2.948276
0.863158
1.391890
0.788820
6.516130
3.284000
1.788000
0.524000
1.184970
12.350000
3.909090
5.200000
0.797200
0.600000
1.840000
2.894000
1.595000
8.960000
0.894400
2.730000
2.102940
0.243056
0.853333
2.700000
15.500000
5.300000
1.405400
2.330000
7.250000
1.690000
1.308400
0.790000
0.700600
1.600000
0.354840
0.660000
1.860800
0.260000
2.088500
1.700000
3.439020
0.585000
2.060000
0.992424
2.241000
1.364486
2.929293
2.080000
0.700000
1.939400
1.021510
0.800000
1.243240
12.600000
0.380000
1.991100
0.111000
0.602273
1.222222
0.852000
2.633929
0.380711
1.283000
0.092199
1.729730
0.700000
0.905660
1.800000
0.366000
6.300000
0.173410
0.744000
8.529412
2.642857
3.160000
0.529801
1.285714
0.790000
4.351400
1.010000
0.980000
1.455100
2.280000
2.615380
0.028570
2.069230
1.296000
0.753012
0.586826
2.620000
1.871600
1.980000
1.797100
9.583333
4.479167
3.666670
3.566667
0.447059
0.425370
3.431818
1.634146
2.513000
0.966942
1.410256
3.569230
1.430850
3.686270
1.307000
0.826389
18.142857
4.065570
1.432750
1.163160
2.300000
2.160710
7.000000
14.285710
0.300000
1.866140
0.797500
1.030000
0.647600
1.500000
1.739100
0.350000
0.790000
1.734266
2.200000
13.800000
0.500000
2.900000
1.020000
4.574074
3.400000
7.380000
0.897600
0.050000
0.974000
1.014000
5.278000
0.956520
1.005435
1.194030
2.286000
1.525000
0.659000
1.900000
1.918180
0.100000
1.440000
0.583333
3.701493
